# genetated time: 2022-12-27 14:20:49.900059
# histogram number: 2048
# sample number: 100
# tune number: 5
###
# op_name    threshold    min    max
x 1.0000080 0.0000000 1.0000080
relu_0.tmp_0_Relu 7.7511997 0.0000000 7.7511997
relu_1.tmp_0_Relu 9.6482031 0.0000000 10.5013409
relu_2.tmp_0_Relu 8.6652791 0.0000000 9.4315023
depthwise_conv2d_0.tmp_0_Conv 6.1425376 -6.6856885 4.4395890
relu_3.tmp_0_Relu 4.0012059 0.0000000 4.0012059
relu_4.tmp_0_Relu 2.2190334 0.0000000 2.6298227
relu_5.tmp_0_Relu 1.3438348 0.0000000 2.1497576
p2o.AveragePool.1_AveragePool 1.5749786 0.0000000 4.1978922
p2o.Concat.1_Concat 1.5749786 0.0000000 4.1978922
relu_6.tmp_0_Relu 2.1051528 0.0000000 3.9616160
relu_7.tmp_0_Relu 1.7399424 0.0000000 2.4851117
relu_8.tmp_0_Relu 1.7065240 0.0000000 1.7118343
relu_9.tmp_0_Relu 1.7478101 0.0000000 1.7478101
p2o.Concat.3_Concat 1.9813886 0.0000000 3.9616160
relu_10.tmp_0_Relu 2.7867787 0.0000000 2.7867787
relu_11.tmp_0_Relu 1.2711818 0.0000000 2.3103161
relu_12.tmp_0_Relu 1.1478465 0.0000000 1.8356576
relu_13.tmp_0_Relu 1.4147723 0.0000000 2.5139227
p2o.Concat.5_Concat 1.3940700 0.0000000 2.7867787
relu_14.tmp_0_Relu 1.4047629 0.0000000 2.6745567
relu_15.tmp_0_Relu 1.3518581 0.0000000 2.4021299
relu_16.tmp_0_Relu 1.5122764 0.0000000 3.0230761
relu_17.tmp_0_Relu 1.6203597 0.0000000 3.2391369
p2o.Concat.7_Concat 1.6203597 0.0000000 3.2391369
relu_18.tmp_0_Relu 1.8962100 0.0000000 4.3320780
depthwise_conv2d_1.tmp_0_Conv 2.6173235 -3.7387726 2.8149269
relu_19.tmp_0_Relu 0.6736254 0.0000000 0.9793403
relu_20.tmp_0_Relu 1.5285964 0.0000000 1.5285964
relu_21.tmp_0_Relu 1.2121083 0.0000000 1.4910971
p2o.AveragePool.3_AveragePool 0.7787089 0.0000000 1.4916176
p2o.Concat.9_Concat 0.8602555 0.0000000 1.5285964
relu_22.tmp_0_Relu 1.3383210 0.0000000 3.2190154
relu_23.tmp_0_Relu 1.5374510 0.0000000 1.5374510
relu_24.tmp_0_Relu 1.0607702 0.0000000 1.5421851
relu_25.tmp_0_Relu 1.4958960 0.0000000 1.9935540
p2o.Concat.11_Concat 1.2077205 0.0000000 3.2190154
relu_26.tmp_0_Relu 1.8552771 0.0000000 3.7094669
relu_27.tmp_0_Relu 1.8246674 0.0000000 3.4951520
relu_28.tmp_0_Relu 1.7177685 0.0000000 2.2892396
relu_29.tmp_0_Relu 1.4344952 0.0000000 2.0392456
p2o.Concat.13_Concat 1.6235034 0.0000000 3.7094669
relu_30.tmp_0_Relu 1.6451850 0.0000000 2.6310108
relu_31.tmp_0_Relu 1.4880646 0.0000000 2.9746761
relu_32.tmp_0_Relu 1.7886593 0.0000000 4.0863681
relu_33.tmp_0_Relu 1.6803764 0.0000000 4.4788156
p2o.Concat.15_Concat 1.6803764 0.0000000 4.4788156
relu_34.tmp_0_Relu 1.4385470 0.0000000 2.0914104
relu_35.tmp_0_Relu 1.3901410 0.0000000 2.2231395
relu_36.tmp_0_Relu 1.0168945 0.0000000 1.6262368
relu_37.tmp_0_Relu 0.9987890 0.0000000 1.3310684
p2o.Concat.17_Concat 1.3901410 0.0000000 2.2231395
relu_38.tmp_0_Relu 1.4019449 0.0000000 3.2028806
depthwise_conv2d_2.tmp_0_Conv 9.1386281 -4.4716539 15.8069811
relu_39.tmp_0_Relu 1.8961152 0.0000000 3.7903788
relu_40.tmp_0_Relu 1.3539971 0.0000000 2.4059305
relu_41.tmp_0_Relu 1.1041910 0.0000000 3.1541712
p2o.AveragePool.5_AveragePool 0.9819492 0.0000000 0.9819492
p2o.Concat.19_Concat 1.3269103 0.0000000 3.7903788
relu_42.tmp_0_Relu 1.9669677 0.0000000 4.3698535
relu_43.tmp_0_Relu 1.0650370 0.0000000 2.1290340
relu_44.tmp_0_Relu 0.9326762 0.0000000 1.3559575
relu_45.tmp_0_Relu 0.9139764 0.0000000 0.9139764
p2o.Concat.21_Concat 1.6666070 0.0000000 4.3698535
relu_46.tmp_0_Relu 1.5623187 0.0000000 2.4984894
relu_47.tmp_0_Relu 1.1644726 0.0000000 3.1037438
relu_48.tmp_0_Relu 0.9028355 0.0000000 1.8047894
relu_49.tmp_0_Relu 0.8805704 0.0000000 0.9920896
p2o.Concat.23_Concat 1.1644726 0.0000000 3.1037438
p2o.GlobalAveragePool.1_GlobalAveragePool 0.1920284 0.0000000 0.1920284
relu_50.tmp_0_Relu 0.9692526 0.0000000 0.9692526
bilinear_interp_v2_0.tmp_0_Resize 0.9692526 0.0000000 0.9692526
p2o.AveragePool.7_AveragePool 0.2202055 0.0000000 0.2202055
relu_51.tmp_0_Relu 0.6376510 0.0000000 0.6376510
bilinear_interp_v2_1.tmp_0_Resize 0.6018590 0.0000000 0.6376510
p2o.Add.5_Add 0.9777734 0.0000000 0.9777734
p2o.AveragePool.9_AveragePool 0.2285372 0.0000000 0.4568512
relu_52.tmp_0_Relu 0.9792750 0.0000000 0.9792750
bilinear_interp_v2_2.tmp_0_Resize 0.6735805 0.0000000 0.9792750
p2o.Add.9_Add 1.3142613 0.0000000 1.3142613
relu_53.tmp_0_Relu 0.7954754 0.0000000 0.7954754
relu_54.tmp_0_Relu 1.9056134 0.0000000 4.3540468
p2o.ReduceMean.1_ReduceMean 0.4618527 0.0104761 0.4618527
p2o.ReduceMax.1_ReduceMax 4.3540468 0.1273399 4.3540468
p2o.ReduceMean.3_ReduceMean 0.1522848 0.0107280 0.1522848
p2o.ReduceMax.3_ReduceMax 0.7954754 0.1365456 0.7954754
p2o.Concat.29_Concat 4.0819986 0.0104761 4.3540468
relu_55.tmp_0_Relu 1.4170828 0.0000000 1.4170828
conv2d_131.tmp_0_Conv 1.6851616 -1.5490398 1.6851616
sigmoid_0.tmp_0_Sigmoid 0.8435868 0.1752250 0.8435868
p2o.Mul.1_Mul 0.7006272 0.0000000 1.2449512
p2o.Mul.3_Mul 0.8435868 -0.8435868 -0.1752250
p2o.Add.13_Add 0.8247750 0.1564132 0.8247750
p2o.Mul.5_Mul 0.5448200 0.0000000 0.5448200
p2o.Add.15_Add 0.7468000 0.0000000 1.3269962
relu_56.tmp_0_Relu 0.8368785 0.0000000 1.2166834
relu_57.tmp_0_Relu 1.4416659 0.0000000 2.3055391
bilinear_interp_v2_4.tmp_0_Resize 1.0261738 0.0000000 1.0457659
p2o.ReduceMean.5_ReduceMean 0.3350336 0.0046060 0.3350336
p2o.ReduceMax.5_ReduceMax 2.3055391 0.0768654 2.3055391
p2o.ReduceMean.7_ReduceMean 0.1488809 0.0196247 0.1488809
p2o.ReduceMax.7_ReduceMax 1.0457659 0.1254880 1.0457659
p2o.Concat.32_Concat 2.1759581 0.0046060 2.3055391
relu_58.tmp_0_Relu 0.6166407 0.0000000 0.6166407
conv2d_135.tmp_0_Conv 0.8165004 -0.6856958 0.8165004
sigmoid_1.tmp_0_Sigmoid 0.6934929 0.3349912 0.6934929
p2o.Mul.7_Mul 0.7821903 0.0000000 1.3898815
p2o.Mul.9_Mul 0.6934929 -0.6934929 -0.3349912
p2o.Add.17_Add 0.6650088 0.3065071 0.6650088
p2o.Mul.11_Mul 0.3338481 0.0000000 0.4359031
p2o.Add.19_Add 0.6372824 0.0000000 1.6985900
relu_59.tmp_0_Relu 2.2075663 0.0000000 2.7156780
relu_60.tmp_0_Relu 1.2233008 0.0000000 1.2233008
bilinear_interp_v2_5.tmp_0_Resize 0.8328565 0.0000000 1.6648996
p2o.ReduceMean.9_ReduceMean 0.1601784 0.0022984 0.1601784
p2o.ReduceMax.9_ReduceMax 0.9944174 0.0423592 1.2233008
p2o.ReduceMean.11_ReduceMean 0.3342796 0.0122860 0.3342796
p2o.ReduceMax.11_ReduceMax 1.4574988 0.0951125 1.6648996
p2o.Concat.35_Concat 0.9369636 0.0022984 1.6648996
relu_61.tmp_0_Relu 0.7182041 0.0000000 0.7365550
conv2d_139.tmp_0_Conv 1.2964777 -0.9702801 1.2964777
sigmoid_2.tmp_0_Sigmoid 0.7852416 0.2748247 0.7852416
p2o.Mul.13_Mul 0.3524421 0.0000000 0.4696933
p2o.Mul.15_Mul 0.7852416 -0.7852416 -0.2748247
p2o.Add.21_Add 0.7251753 0.2147584 0.7251753
p2o.Mul.17_Mul 0.4044411 0.0000000 0.6467897
p2o.Add.23_Add 0.4799306 0.0000000 0.8527934
relu_62.tmp_0_Relu 0.8871828 0.0000000 1.2898176
relu_63.tmp_0_Relu 6.2646155 0.0000000 7.7065315
conv2d_142.tmp_0_Conv 10.2551098 -7.6085835 10.9334421
bilinear_interp_v2_6.tmp_0_Resize 10.1251278 -7.5198979 10.7948627
