# genetated time: 2023-01-28 20:42:28.306303
# histogram number: 2048
# sample number: 100
# tune number: 5
###
# op_name    threshold    min    max
data 2.6355782 -2.1148427 2.6355782
conv1 3.5164811 0.0000000 5.6247211
pool1 3.4113783 0.0000000 5.6247211
res1_conv1 1.2325466 0.0000000 2.1901238
res1_conv2 1.5187938 0.0000000 2.2080760
res1_conv3 1.5604436 -2.0537026 2.8367922
res1_match_conv 1.6251493 -4.6423116 4.0641985
res1_elewise 1.9688597 0.0000000 3.1486373
res2_conv1 1.2394418 0.0000000 1.8019441
res2_conv2 1.9877805 0.0000000 2.5954309
res2_conv3 1.6810398 -3.8405006 2.4488044
res2_elewise 1.8398607 0.0000000 3.2692664
res3_conv1 1.1364212 0.0000000 1.8173862
res3_conv2 2.2462037 0.0000000 2.5658364
res3_conv3 1.5827422 -2.2669122 2.5316455
res3_elewise 1.9386062 0.0000000 3.5236430
res4_conv1 1.3288443 0.0000000 2.1251128
res4_conv2 1.3630540 0.0000000 1.8165179
res4_conv3 1.5598209 -2.0693541 3.8986001
res4_match_conv 1.5680833 -2.3187363 3.0221887
res4_elewise 1.9455408 0.0000000 3.8891816
res5_conv1 0.8803863 0.0000000 1.1732752
res5_conv2 0.9834570 0.0000000 1.3980601
res5_conv3 1.6131935 -3.6854990 2.3492670
res5_elewise 2.1178099 0.0000000 3.8493669
res6_conv1 1.1460596 0.0000000 1.6661818
res6_conv2 1.0146729 0.0000000 1.8029820
res6_conv3 1.6305553 -2.3714008 2.2333679
res6_elewise 2.1469485 0.0000000 3.7324758
res7_conv1 1.1860203 0.0000000 1.5805882
res7_conv2 1.3414237 0.0000000 1.9502091
res7_conv3 1.7799236 -1.8436409 2.3828545
res7_elewise 2.5028694 0.0000000 3.3927379
res8_conv1 1.4995432 0.0000000 2.6645527
res8_conv2 1.3455610 0.0000000 1.7932053
res8_conv3 1.4850816 -1.8104565 3.3937616
res8_match_conv 1.4364735 -0.9867054 2.1886573
res8_elewise 2.2779113 0.0000000 3.5032942
res9_conv1 1.3256480 0.0000000 2.0892339
res9_conv2 0.9487945 0.0000000 1.5643836
res9_conv3 1.6841319 -1.6841319 1.5717247
res9_elewise 2.4695679 0.0000000 4.3893423
res10_conv1 0.8220021 0.0000000 0.9812160
res10_conv2 0.8829242 0.0000000 1.2836263
res10_conv3 1.8661675 -2.9853430 1.7335379
res10_elewise 2.5394653 0.0000000 4.5135760
res11_conv1 1.2311263 0.0000000 1.2311263
res11_conv2 0.8238317 0.0000000 1.1977156
res11_conv3 1.4890045 -1.4152493 1.4890045
res11_elewise 2.8160814 0.0000000 4.3312936
res12_conv1 1.2889006 0.0000000 1.2889006
res12_conv2 1.1360896 0.0000000 1.5140463
res12_conv3 1.7948162 -1.9328957 1.9601402
res12_elewise 2.9553208 0.0000000 4.1112790
res13_conv1 0.9669214 0.0000000 1.2885990
res13_conv2 1.6020939 0.0000000 2.7265432
res13_conv3 1.8074569 -2.1740248 1.7318989
res13_elewise 2.1232144 0.0000000 3.2653792
res14_conv1 1.3341246 0.0000000 2.1335568
res14_conv2 1.1627149 0.0000000 2.6566329
res14_conv3 2.7063911 -3.1396682 7.2135191
res14_match_conv 2.5939322 -2.7273402 3.2672548
res14_elewise 4.0298719 0.0000000 7.7192230
res15_conv1 1.1809656 0.0000000 1.6425593
res15_conv2 0.9003957 0.0000000 2.0570424
res15_conv3 3.4472823 -3.7388492 6.2658381
res15_elewise 4.7395873 0.0000000 10.1745424
res16_conv1 0.9954133 0.0000000 2.2741194
res16_conv2 1.3630491 0.0000000 2.2477736
res16_conv3 8.3379631 -6.9300041 22.2237129
res16_elewise 13.0548201 0.0000000 29.8250179
pool_ave 9.6631260 0.0000000 9.6631260
classifier 30.6461029 -8.2057037 30.6461029
prob 0.0625305 0.0000000 1.0000000
