# genetated time: 2023-01-29 20:45:14.282801
# histogram number: 2048
# sample number: 100
# tune number: 5
###
# op_name    threshold    min    max
data 2.6355782 -2.1148427 2.6355782
conv1 1.6703410 0.0000000 2.0955400
pool1 2.0693841 0.1041369 2.0955400
dpn1_match_bn 2.3851333 -0.0000000 2.4000235
dpn1_match_conv 1.2985832 -1.3026241 1.0584109
dpn1_match_conv_split1 0.8479957 -0.8559615 0.5733619
dpn1_match_conv_split2 1.2339292 -1.3026241 1.0584109
dpn1_bn 3.9585918 -0.0000000 4.8709049
dpn1_conv1 1.0367881 0.0000000 1.7274175
dpn1_conv2 1.1189700 -0.0000000 2.3095858
dpn1_conv3_branch1 0.7518369 -1.0738279 0.4914684
dpn1_conv3_branch2 1.1194092 -1.1194092 0.2796379
dpn1_elewise 1.1440930 -1.1886303 0.6240886
dpn1_concat 1.2218066 -1.3026241 1.0584109
dpn2_concat_input 1.2985832 -1.3026241 1.0584109
dpn2_bn 1.8751333 -0.0000000 2.9987483
dpn2_conv1 1.9642777 0.0000000 3.1413097
dpn2_conv2 1.7769368 -0.0000000 4.0600395
dpn2_conv3_branch1 0.7581596 -1.2124630 0.7076899
dpn2_conv3_branch2 1.1075021 -1.1075021 0.6391991
dpn2_elewise 1.1292366 -1.7038014 1.0767343
dpn2_concat 1.3026241 -1.3026241 1.0584109
dpn3_concat_input 1.1719357 -1.7038014 1.0767343
dpn3_bn 1.1494009 -0.0000000 1.6710396
dpn3_conv1 1.1609402 0.0000000 1.8565974
dpn3_conv2 1.2396195 -0.0000000 1.8022025
dpn3_conv3_branch1 0.5186100 -0.4541501 0.5186100
dpn3_conv3_branch2 0.6053560 -0.4749865 0.6053560
dpn3_elewise 1.1936148 -1.7353194 1.1657609
dpn3_concat 1.3026241 -1.3026241 1.0584109
dpn4_concat_input 1.7082342 -1.7353194 1.1657609
dpn4_match_bn 0.8981743 -0.0000000 0.9037815
dpn4_match_conv 0.2644775 -0.2644775 0.2422960
dpn4_match_conv_split1 0.1878763 -0.1757770 0.1878763
dpn4_match_conv_split2 0.2644775 -0.2644775 0.2422960
dpn4_bn 1.6320400 -0.0000000 2.1394036
dpn4_conv1 1.3962920 0.0000000 2.4810848
dpn4_conv2 1.2130461 0.0000000 2.3095431
dpn4_conv3_branch1 0.5117983 -0.5117983 0.4177001
dpn4_conv3_branch2 0.3119082 -0.3783011 0.6235118
dpn4_elewise 0.5098127 -0.5098127 0.4027612
dpn4_concat 0.3898091 -0.3783011 0.6235118
dpn5_concat_input 0.5068508 -0.5098127 0.6235118
dpn5_bn 1.1344291 -0.0000000 1.2054801
dpn5_conv1 0.8642439 0.0000000 1.1517625
dpn5_conv2 1.4222147 0.0000000 1.6018012
dpn5_conv3_branch1 0.2997429 -0.2595029 0.2997429
dpn5_conv3_branch2 0.3758109 -0.3758109 0.2325850
dpn5_elewise 0.5218828 -0.5564032 0.4158707
dpn5_concat 0.4365496 -0.3783011 0.6235118
dpn6_concat_input 0.5458393 -0.5564032 0.6235118
dpn6_bn 1.0880201 -0.0000000 1.4499850
dpn6_conv1 0.8629464 0.0000000 1.1500334
dpn6_conv2 1.1194487 0.0000000 1.2787453
dpn6_conv3_branch1 0.2072289 -0.1875716 0.2072289
dpn6_conv3_branch2 0.3095548 -0.2196582 0.3095548
dpn6_elewise 0.5466605 -0.5828198 0.5042554
dpn6_concat 0.4521298 -0.3783011 0.6235118
dpn7_concat_input 0.5068508 -0.5828198 0.6235118
dpn7_bn 0.8102458 -0.0000000 1.2957602
dpn7_conv1 0.7838696 0.0000000 1.1396172
dpn7_conv2 0.9256415 0.0000000 1.1844647
dpn7_conv3_branch1 0.2626229 -0.2626229 0.2060966
dpn7_conv3_branch2 0.2837129 -0.2837129 0.2717480
dpn7_elewise 0.6082554 -0.6082554 0.5020002
dpn7_concat 0.4677100 -0.3783011 0.6235118
dpn8_concat_input 0.5458393 -0.6082554 0.6235118
dpn8_match_bn 0.6133568 -0.0000000 0.6269713
dpn8_match_conv 0.2176684 -0.2090626 0.2320662
dpn8_match_conv_split1 0.1326839 -0.1326839 0.1146592
dpn8_match_conv_split2 0.2320662 -0.2090626 0.2320662
dpn8_bn 1.1283467 -0.0000000 1.6404302
dpn8_conv1 0.7384779 0.0000000 1.3122087
dpn8_conv2 0.5591153 0.0000000 1.1176846
dpn8_conv3_branch1 0.1944438 -0.1857786 0.3455090
dpn8_conv3_branch2 0.1863817 -0.1863817 0.1843886
dpn8_elewise 0.2377199 -0.2308397 0.4224069
dpn8_concat 0.2320662 -0.2090626 0.2320662
dpn9_concat_input 0.2377199 -0.2308397 0.4224069
dpn9_bn 0.9722987 -0.0000000 1.1106560
dpn9_conv1 0.7094252 0.0000000 1.0313873
dpn9_conv2 0.4863004 0.0000000 0.8641119
dpn9_conv3_branch1 0.1356646 -0.1356646 0.0830484
dpn9_conv3_branch2 0.1565810 -0.1565810 0.1362406
dpn9_elewise 0.2289022 -0.2763990 0.3660647
dpn9_concat 0.2320662 -0.2090626 0.2320662
dpn10_concat_input 0.2289022 -0.2763990 0.3660647
dpn10_bn 0.8211960 -0.0000000 1.0102092
dpn10_conv1 0.5416300 0.0000000 0.9624276
dpn10_conv2 0.5827872 0.0000000 1.1650052
dpn10_conv3_branch1 0.1775735 -0.2185372 0.0757992
dpn10_conv3_branch2 0.1485618 -0.1085465 0.1485618
dpn10_elewise 0.3275689 -0.3275689 0.2912951
dpn10_concat 0.2320662 -0.2090626 0.2320662
dpn11_concat_input 0.2253136 -0.3275689 0.2912951
dpn11_bn 0.8892317 -0.0000000 1.0157685
dpn11_conv1 0.4942062 0.0000000 0.7184944
dpn11_conv2 0.4208169 0.0000000 0.5608153
dpn11_conv3_branch1 0.0855519 -0.0686300 0.0855519
dpn11_conv3_branch2 0.1377846 -0.1377846 0.1317041
dpn11_elewise 0.3493947 -0.3493947 0.3127167
dpn11_concat 0.2320662 -0.2090626 0.2320662
dpn12_concat_input 0.3493947 -0.3493947 0.3127167
dpn12_bn 0.7608437 -0.0000000 1.1061413
dpn12_conv1 0.6314059 0.0000000 1.1219513
dpn12_conv2 0.4015653 0.0000000 0.9174155
dpn12_conv3_branch1 0.1436803 -0.0907963 0.1436803
dpn12_conv3_branch2 0.1627565 -0.1248961 0.1627565
dpn12_elewise 0.3322829 -0.3542621 0.3339851
dpn12_concat 0.2320662 -0.2090626 0.2320662
dpn13_concat_input 0.3322829 -0.3542621 0.3339851
dpn13_bn 0.7003006 -0.0000000 0.9332783
dpn13_conv1 0.5836267 0.0000000 1.0370520
dpn13_conv2 0.4043541 0.0000000 0.8680329
dpn13_conv3_branch1 0.1089299 -0.1036132 0.1089299
dpn13_conv3_branch2 0.1947796 -0.1737075 0.2360232
dpn13_elewise 0.3568920 -0.3553522 0.3568920
dpn13_concat 0.2360232 -0.2090626 0.2360232
dpn14_concat_input 0.2677998 -0.3553522 0.3568920
dpn14_bn 0.6790721 -0.0000000 1.0859849
dpn14_conv1 0.5852889 0.0000000 1.0400054
dpn14_conv2 0.4392003 0.0000000 1.1706290
dpn14_conv3_branch1 0.1395085 -0.1395085 0.1318692
dpn14_conv3_branch2 0.1298016 -0.1257655 0.1298016
dpn14_elewise 0.3635567 -0.3635567 0.3630737
dpn14_concat 0.2360232 -0.2090626 0.2360232
dpn15_concat_input 0.2955341 -0.3635567 0.3630737
dpn15_bn 0.6974128 -0.0000000 0.9294298
dpn15_conv1 0.8180774 0.0000000 0.9313447
dpn15_conv2 0.8458159 0.0000000 1.1137533
dpn15_conv3_branch1 0.1694913 -0.1377847 0.1694913
dpn15_conv3_branch2 0.1366222 -0.1366222 0.1250651
dpn15_elewise 0.3308195 -0.3778948 0.3556843
dpn15_concat 0.2360232 -0.2090626 0.2360232
dpn16_concat_input 0.3308195 -0.3778948 0.3556843
dpn16_bn 0.7732481 -0.0000000 0.8832806
dpn16_conv1 0.7377820 0.0000000 0.7664247
dpn16_conv2 0.6020143 0.0000000 0.9627525
dpn16_conv3_branch1 0.1417852 -0.1281613 0.1417852
dpn16_conv3_branch2 0.1831701 -0.1831701 0.1635471
dpn16_elewise 0.4108794 -0.3574556 0.4108794
dpn16_concat 0.2360232 -0.2090626 0.2360232
dpn17_concat_input 0.4108794 -0.3574556 0.4108794
dpn17_bn 0.9517445 -0.0000000 1.0871769
dpn17_conv1 1.1989799 0.0000000 1.1989799
dpn17_conv2 0.9126758 0.0000000 1.7376621
dpn17_conv3_branch1 0.6123837 -0.7533351 0.1931375
dpn17_conv3_branch2 0.3822800 -0.2140208 0.3822800
dpn17_elewise 0.7245964 -0.7725254 0.4221091
dpn17_concat 0.3822800 -0.2140208 0.3822800
dpn18_concat_input 0.5796771 -0.7725254 0.4221091
dpn18_bn 0.7160367 -0.0000000 1.2723327
dpn18_conv1 1.3400613 0.0000000 1.7861086
dpn18_conv2 1.4502855 0.0000000 1.8194677
dpn18_conv3_branch1 0.8747755 -0.1827559 1.1657978
dpn18_conv3_branch2 0.2670890 -0.1991775 0.2687630
dpn18_elewise 0.5731218 -0.4304606 0.5731218
dpn18_concat 0.3822800 -0.2140208 0.3822800
dpn19_concat_input 0.4300513 -0.4304606 0.5731218
dpn19_bn 0.8875155 -0.0000000 1.2903013
dpn19_conv1 1.1005495 0.0000000 1.1005495
dpn19_conv2 0.8184162 0.0000000 1.3998730
dpn19_conv3_branch1 0.4109542 -0.4353932 0.1783055
dpn19_conv3_branch2 0.2057893 -0.2057893 0.1754427
dpn19_elewise 0.4899423 -0.4781766 0.4899423
dpn19_concat 0.3536510 -0.2140208 0.3822800
dpn20_concat_input 0.3982725 -0.4781766 0.4899423
dpn20_match_bn 0.7772643 -0.0000000 0.8878683
dpn20_match_conv 0.3541171 -0.1149131 0.4356236
dpn20_match_conv_split1 0.1790571 -0.0727461 0.1790571
dpn20_match_conv_split2 0.3813569 -0.1149131 0.4356236
dpn20_bn 0.9951903 -0.0000000 0.9951903
dpn20_conv1 0.6727108 0.0000000 1.0758116
dpn20_conv2 0.4092995 0.0000000 1.6363984
dpn20_conv3_branch1 0.1600456 -0.1507751 0.2326799
dpn20_conv3_branch2 0.2537487 -0.2004550 0.2537487
dpn20_elewise 0.3399534 -0.1950915 0.3674541
dpn20_concat 0.3813569 -0.2004550 0.4356236
dpn21_concat_input 0.3813569 -0.2004550 0.4356236
dpn21_bn 1.5895121 -0.0000000 1.5895121
dpn21_conv1 1.1695831 0.0000000 1.3177767
dpn21_conv2 0.8741031 0.0000000 2.1507170
dpn21_conv3_branch1 0.4808236 -1.0984887 0.5402274
dpn21_conv3_branch2 0.3245453 -0.3245453 0.2208621
dpn21_elewise 0.5749869 -1.0216999 0.7071548
dpn21_concat 0.4356236 -0.3245453 0.4356236
dpn22_concat_input 0.5749869 -1.0216999 0.7071548
dpn22_bn 1.0509440 -0.0000000 2.1008615
dpn22_conv1 1.1753727 0.0000000 1.7087983
dpn22_conv2 3.1471316 0.0000000 3.1766949
dpn22_conv3_branch1 0.7811338 -0.6211782 1.2492039
dpn22_conv3_branch2 1.0340229 -0.3880797 1.0340229
dpn22_elewise 1.0510308 -1.0216995 1.4006901
dpn22_concat 0.7401573 -0.3880797 1.0340229
pool_ave_concat_input 1.0510308 -1.0216995 1.4006901
pool_ave_concat_bn 13.8202331 -0.0000000 20.0092068
pool_ave 9.8711212 0.0000000 11.4856815
pool_ave_flat 10.1940333 0.0000000 11.4856815
classifier 24.8265095 -6.6561160 24.8265095
prob 0.0625291 0.0000000 0.9999775
