# genetated time: 2023-01-19 19:21:35.827115
# histogram number: 2048
# sample number: 200
# tune number: 5
###
# op_name    threshold    min    max
input.76 2.0245676 -1.8973268 2.0245676
270_Relu 1.9310546 0.0000000 1.9310546
273_Relu 1.2202478 0.0000000 1.2317712
276_Relu 1.6272875 0.0000000 1.6272875
456_Conv 1.5573398 -1.8321118 1.6655486
453_Conv 1.6046812 -1.6613742 1.9376390
282_Relu 1.8626245 0.0000000 1.9102166
285_Relu 0.9279360 0.0000000 0.9279360
288_Relu 0.9173882 0.0000000 1.4671044
465_Conv 1.4776474 -1.0040256 1.4776474
292_Relu 1.5890973 0.0000000 2.1185894
295_Relu 0.8629418 0.0000000 0.8965117
298_Relu 0.7792949 0.0000000 1.0215598
474_Conv 1.4596660 -1.9460312 1.2376722
302_Relu 1.6861992 0.0000000 1.9835927
305_Relu 0.9743508 0.0000000 1.0938636
308_Relu 0.8135803 0.0000000 0.8370731
486_Conv 0.6885168 -1.3939213 1.2089403
483_Conv 0.6894653 -0.6635062 1.0405009
314_Relu 1.2072033 0.0000000 1.2223710
317_Relu 0.6053139 0.0000000 0.6053139
320_Relu 0.5987436 0.0000000 0.5987436
495_Conv 0.7416869 -0.9216918 1.0737530
324_Relu 0.9538169 0.0000000 1.3559244
327_Relu 0.8832563 0.0000000 0.9087611
330_Relu 0.6207098 0.0000000 0.8272089
504_Conv 0.8608001 -1.4494779 1.4173542
334_Relu 1.0505015 0.0000000 1.5853558
337_Relu 0.6132253 0.0000000 0.7007213
340_Relu 0.6524384 0.0000000 0.9485379
513_Conv 0.8417124 -0.8986748 1.3466084
344_Relu 1.0529923 0.0000000 1.8208872
347_Relu 1.4111053 0.0000000 1.8205228
350_Relu 0.7031833 0.0000000 1.2027709
525_Conv 0.7029736 -0.9474905 1.2494460
522_Conv 0.6943773 -0.8555543 1.3883476
356_Relu 1.1311061 0.0000000 1.7066221
359_Relu 0.6020026 0.0000000 0.6020026
362_Relu 0.7885633 0.0000000 0.7885633
534_Conv 0.9454490 -1.0738187 1.3503587
366_Relu 1.3400074 0.0000000 1.6878412
369_Relu 0.8543571 0.0000000 0.8706472
372_Relu 0.7144470 0.0000000 0.7144470
543_Conv 1.1169544 -0.9556737 1.1757113
376_Relu 1.2931332 0.0000000 1.5911539
379_Relu 0.9051920 0.0000000 0.9051920
382_Relu 0.8237058 0.0000000 0.8314435
552_Conv 1.1472203 -0.9605392 1.1472203
386_Relu 1.3168367 0.0000000 1.6586559
389_Relu 0.8864699 0.0000000 0.9485893
392_Relu 0.7930200 0.0000000 0.7930200
561_Conv 1.1602286 -0.9799476 1.3648572
396_Relu 1.6305622 0.0000000 1.8631096
399_Relu 0.9969898 0.0000000 0.9969898
402_Relu 0.6739557 0.0000000 0.9798205
570_Conv 1.1226196 -1.0967838 1.1226196
406_Relu 1.4178453 0.0000000 1.9219451
409_Relu 1.0665858 0.0000000 1.1529287
412_Relu 1.0100467 0.0000000 1.0100467
582_Conv 1.1394471 -1.2454171 1.2659836
579_Conv 1.4878441 -1.9261748 2.3793883
418_Relu 2.4872883 0.0000000 3.1204481
421_Relu 0.9901480 0.0000000 1.0090523
424_Relu 1.2466322 0.0000000 1.2466322
591_Conv 1.6601057 -1.5732821 2.7372019
428_Relu 4.3125700 0.0000000 4.6619301
431_Relu 0.8700562 0.0000000 0.8700562
434_Relu 1.0228789 0.0000000 1.0228789
600_Conv 2.3756278 -1.9474430 4.0634303
438_Relu 4.1972442 0.0000000 7.4581242
439_GlobalAveragePool 2.9029053 0.0000000 3.3649011
441_Reshape 3.3649011 0.0000000 3.3649011
442_Gemm 21.3023453 -6.8648791 21.3023453
443_Softmax 0.0625305 0.0000000 0.9999994
