# genetated time: 2023-02-15 16:22:04.274350
# histogram number: 2048
# sample number: 1
# tune number: 5
###
# op_name    threshold    min    max
image 255.0000000 0.0000000 255.0000000
conv1_1 659.4057617 0.0000000 811.1799927
conv1_2 617.6121582 0.0000000 695.5994873
pool1_stage1 630.6100464 0.0000000 695.5994873
conv2_1 840.7319336 0.0000000 840.7319336
conv2_2 1279.4898132 0.0000000 1373.6020508
pool2_stage1 1270.9341553 0.0000000 1373.6020508
conv3_1 910.5969849 0.0000000 910.5969849
conv3_2 810.8284302 0.0000000 810.8284302
conv3_3 435.3820190 0.0000000 435.3820190
conv3_4 360.8576355 0.0000000 360.8576355
pool3_stage1 360.8576355 0.0000000 360.8576355
conv4_1 179.0309448 0.0000000 179.0309448
conv4_2/1 180.1655731 -180.1655731 72.8770065
conv4_2 47.8328783 -14.6306801 72.8770065
conv4_3_CPM/1 80.3908234 -80.3908234 40.4230995
conv4_3_CPM 33.3535003 -8.6402340 40.4230995
conv4_4_CPM/1 43.7705879 -43.7705879 16.2658253
conv4_4_CPM 16.2658253 -12.6515827 16.2658253
Mconv1_stage0_L2_0/1 20.4137363 -20.1684170 20.4137363
Mconv1_stage0_L2_0 20.4137363 -3.6282806 20.4137363
Mconv1_stage0_L2_1/1 46.0157297 -46.4502792 32.4587746
Mconv1_stage0_L2_1 28.8085499 -3.0200522 32.4587746
Mconv1_stage0_L2_2/1 40.2533684 -40.2533684 15.6776628
Mconv1_stage0_L2_2 15.6776628 -3.1001837 15.6776628
Mconv1_stage0_L2_concat 25.7656391 -3.6282806 32.4587746
Mconv2_stage0_L2_0/1 97.4241180 -97.4241180 39.5701180
Mconv2_stage0_L2_0 35.2448545 -9.5987501 39.5701180
Mconv2_stage0_L2_1/1 58.0209045 -58.0209045 20.5362854
Mconv2_stage0_L2_1 17.3284314 -3.4956954 20.5362854
Mconv2_stage0_L2_2/1 18.7565746 -21.4256172 14.2732038
Mconv2_stage0_L2_2 14.2732038 -2.8246844 14.2732038
Mconv2_stage0_L2_concat 31.5333438 -9.5987501 39.5701180
Mconv3_stage0_L2_0/1 67.8441467 -67.8441467 45.3069954
Mconv3_stage0_L2_0 32.5681376 -9.6033039 45.3069954
Mconv3_stage0_L2_1/1 60.1786575 -60.1786575 53.5764046
Mconv3_stage0_L2_1 40.5186283 -4.8607950 53.5764046
Mconv3_stage0_L2_2/1 74.6853180 -74.6853180 34.7910080
Mconv3_stage0_L2_2 34.7910080 -4.5168524 34.7910080
Mconv3_stage0_L2_concat 36.1660362 -9.6033039 53.5764046
Mconv4_stage0_L2_0/1 108.3020096 -85.0512848 108.3020096
Mconv4_stage0_L2_0 77.5070978 -8.3638287 108.3020096
Mconv4_stage0_L2_1/1 52.7677170 -105.5045090 56.4708977
Mconv4_stage0_L2_1 42.7076681 -10.1752901 56.4708977
Mconv4_stage0_L2_2/1 41.8587303 -69.0171738 45.2756653
Mconv4_stage0_L2_2 45.2756653 -6.9489064 45.2756653
Mconv4_stage0_L2_concat 79.8747162 -10.1752901 108.3020096
Mconv5_stage0_L2_0/1 92.3623428 -92.3623428 40.2188148
Mconv5_stage0_L2_0 28.1551353 -8.0745153 40.2188148
Mconv5_stage0_L2_1/1 20.1021366 -20.1021366 13.5242634
Mconv5_stage0_L2_1 10.5666981 -4.6408772 13.5242634
Mconv5_stage0_L2_2/1 11.6321020 -11.6321020 7.4941545
Mconv5_stage0_L2_2 7.4941545 -3.7690215 7.4941545
Mconv5_stage0_L2_concat 22.1232956 -8.0745153 40.2188148
Mconv6_stage0_L2/1 14.6109667 -16.6900940 3.5913200
Mconv6_stage0_L2 2.4915550 -1.2042240 3.5913200
Mconv7_stage0_L2 0.7505000 -0.6245804 0.7505000
concat_stage1_L2 12.9622020 -12.6515827 16.2658253
Mconv1_stage1_L2_0/1 18.0814400 -18.0814400 17.8767471
Mconv1_stage1_L2_0 14.3585998 -2.6459503 17.8767471
Mconv1_stage1_L2_1/1 35.9933510 -35.9933510 16.5243530
Mconv1_stage1_L2_1 14.6656660 -1.5608581 16.5243530
Mconv1_stage1_L2_2/1 14.7257338 -21.6075249 15.7055454
Mconv1_stage1_L2_2 14.3314061 -1.2347577 15.7055454
Mconv1_stage1_L2_concat 14.5254029 -2.6459503 17.8767471
Mconv2_stage1_L2_0/1 43.8027954 -43.8027954 34.1793900
Mconv2_stage1_L2_0 22.4328337 -8.1354656 34.1793900
Mconv2_stage1_L2_1/1 33.3689384 -33.3689384 26.1934490
Mconv2_stage1_L2_1 20.4640319 -3.5850406 26.1934490
Mconv2_stage1_L2_2/1 18.9849202 -24.4939690 20.6520195
Mconv2_stage1_L2_2 20.6520195 -3.5545661 20.6520195
Mconv2_stage1_L2_concat 22.2174384 -8.1354656 34.1793900
Mconv3_stage1_L2_0/1 41.5869179 -66.5065765 37.0201187
Mconv3_stage1_L2_0 30.0799768 -9.8607225 37.0201187
Mconv3_stage1_L2_1/1 31.6703644 -31.6703644 23.7470875
Mconv3_stage1_L2_1 18.5527746 -4.4963417 23.7470875
Mconv3_stage1_L2_2/1 19.0943918 -19.1744251 19.8376999
Mconv3_stage1_L2_2 19.8376999 -2.4947004 19.8376999
Mconv3_stage1_L2_concat 27.3030157 -9.8607225 37.0201187
Mconv4_stage1_L2_0/1 39.8414536 -39.8414536 31.9916534
Mconv4_stage1_L2_0 24.1945671 -5.6935773 31.9916534
Mconv4_stage1_L2_1/1 31.4866676 -31.4866676 16.1760731
Mconv4_stage1_L2_1 12.8906787 -2.8887279 16.1760731
Mconv4_stage1_L2_2/1 16.8467541 -16.8467541 11.9691772
Mconv4_stage1_L2_2 11.9691772 -1.6732702 11.9691772
Mconv4_stage1_L2_concat 24.9939676 -5.6935773 31.9916534
Mconv5_stage1_L2_0/1 38.3126450 -38.3126450 13.9346466
Mconv5_stage1_L2_0 10.2773975 -4.4519110 13.9346466
Mconv5_stage1_L2_1/1 8.4248371 -8.4248371 4.2000904
Mconv5_stage1_L2_1 3.2554291 -1.1840252 4.2000904
Mconv5_stage1_L2_2/1 5.3128228 -5.3128228 3.7382183
Mconv5_stage1_L2_2 3.7382183 -0.8334071 3.7382183
Mconv5_stage1_L2_concat 8.7100050 -4.4519110 13.9346466
Mconv6_stage1_L2/1 5.4609632 -5.4609632 2.9033101
Mconv6_stage1_L2 2.6311336 -0.4198795 2.9033101
Mconv7_stage1_L2 1.7050720 -1.7050720 0.4639064
concat_stage2_L2 12.3014773 -12.6515827 16.2658253
Mconv1_stage2_L2_0/1 13.2003486 -13.3040504 14.8708696
Mconv1_stage2_L2_0 12.2722814 -2.1121757 14.8708696
Mconv1_stage2_L2_1/1 18.1347065 -24.1678028 12.5005970
Mconv1_stage2_L2_1 10.4694790 -0.8638394 12.5005970
Mconv1_stage2_L2_2/1 9.6881968 -9.8572683 10.4735880
Mconv1_stage2_L2_2 10.4735880 -1.2420315 10.4735880
Mconv1_stage2_L2_concat 11.6180939 -2.1121757 14.8708696
Mconv2_stage2_L2_0/1 26.0686264 -26.0686264 18.6314678
Mconv2_stage2_L2_0 14.4409805 -3.7281308 18.6314678
Mconv2_stage2_L2_1/1 18.5687141 -18.5687141 18.0897655
Mconv2_stage2_L2_1 16.3939052 -0.9222823 18.0897655
Mconv2_stage2_L2_2/1 13.1537053 -10.8456306 13.7106371
Mconv2_stage2_L2_2 13.7106371 -1.1285398 13.7106371
Mconv2_stage2_L2_concat 15.1381814 -3.7281308 18.6314678
Mconv3_stage2_L2_0/1 23.5325413 -23.5325413 16.9744644
Mconv3_stage2_L2_0 13.1570759 -4.6026163 16.9744644
Mconv3_stage2_L2_1/1 18.3452549 -18.3452549 12.9001875
Mconv3_stage2_L2_1 9.5141246 -1.4601371 12.9001875
Mconv3_stage2_L2_2/1 6.5716129 -6.2975507 7.2512150
Mconv3_stage2_L2_2 7.2512150 -0.5765340 7.2512150
Mconv3_stage2_L2_concat 13.2615595 -4.6026163 16.9744644
Mconv4_stage2_L2_0/1 18.0741463 -15.8864365 18.0741463
Mconv4_stage2_L2_0 14.6857957 -1.5752401 18.0741463
Mconv4_stage2_L2_1/1 18.9014874 -18.9014874 11.3940725
Mconv4_stage2_L2_1 8.6170804 -1.3331847 11.3940725
Mconv4_stage2_L2_2/1 10.3822002 -10.3822002 9.0117407
Mconv4_stage2_L2_2 9.0117407 -1.4351350 9.0117407
Mconv4_stage2_L2_concat 14.9113914 -1.5752401 18.0741463
Mconv5_stage2_L2_0/1 21.5093040 -21.5093040 7.4194360
Mconv5_stage2_L2_0 5.9362737 -3.9455214 7.4194360
Mconv5_stage2_L2_1/1 5.0005212 -5.0005212 3.8459344
Mconv5_stage2_L2_1 2.8371985 -1.1244248 3.8459344
Mconv5_stage2_L2_2/1 5.3528304 -5.3528304 4.3332577
Mconv5_stage2_L2_2 4.3332577 -0.8056127 4.3332577
Mconv5_stage2_L2_concat 5.5651206 -3.9455214 7.4194360
Mconv6_stage2_L2/1 3.0368681 -4.4151058 2.3064857
Mconv6_stage2_L2 1.6001738 -0.3962596 2.3064857
Mconv7_stage2_L2 0.7078307 -0.6126278 0.7078307
concat_stage3_L2 12.9622020 -12.6515827 16.2658253
Mconv1_stage3_L2_0/1 12.4888210 -12.1830740 12.4888210
Mconv1_stage3_L2_0 10.1521235 -2.1596677 12.4888210
Mconv1_stage3_L2_1/1 19.6094437 -19.6094437 14.4554129
Mconv1_stage3_L2_1 13.1906525 -1.3041729 14.4554129
Mconv1_stage3_L2_2/1 7.5422894 -13.6345358 8.1302118
Mconv1_stage3_L2_2 8.1302118 -1.5315946 8.1302118
Mconv1_stage3_L2_concat 11.2935120 -2.1596677 14.4554129
Mconv2_stage3_L2_0/1 17.7355824 -23.6358967 17.0818672
Mconv2_stage3_L2_0 16.0145635 -2.3899066 17.0818672
Mconv2_stage3_L2_1/1 15.2705173 -30.5261211 10.0202322
Mconv2_stage3_L2_1 8.2668139 -1.0132228 10.0202322
Mconv2_stage3_L2_2/1 4.0756009 -6.5208340 4.1121778
Mconv2_stage3_L2_2 4.1121778 -1.0948832 4.1121778
Mconv2_stage3_L2_concat 14.6798079 -2.3899066 17.0818672
Mconv3_stage3_L2_0/1 14.5052776 -14.5052776 10.7133579
Mconv3_stage3_L2_0 9.0739053 -2.0924523 10.7133579
Mconv3_stage3_L2_1/1 9.7121820 -7.4999871 9.7121820
Mconv3_stage3_L2_1 8.4375471 -0.9267184 9.7121820
Mconv3_stage3_L2_2/1 2.6035454 -4.1860404 2.7139735
Mconv3_stage3_L2_2 2.7139735 -0.5018039 2.7139735
Mconv3_stage3_L2_concat 8.8386511 -2.0924523 10.7133579
Mconv4_stage3_L2_0/1 10.0997229 -7.2855468 10.0997229
Mconv4_stage3_L2_0 7.6700167 -1.4877374 10.0997229
Mconv4_stage3_L2_1/1 6.4039111 -6.4039111 4.1432748
Mconv4_stage3_L2_1 3.5218848 -0.6794884 4.1432748
Mconv4_stage3_L2_2/1 4.5676794 -4.5676794 3.5135932
Mconv4_stage3_L2_2 3.5135932 -0.6031957 3.5135932
Mconv4_stage3_L2_concat 7.4487307 -1.4877374 10.0997229
Mconv5_stage3_L2_0/1 6.5613074 -5.0839190 6.5613074
Mconv5_stage3_L2_0 4.5938768 -1.0423182 6.5613074
Mconv5_stage3_L2_1/1 4.6729202 -4.6729202 3.6633520
Mconv5_stage3_L2_1 2.6564223 -1.4599142 3.6633520
Mconv5_stage3_L2_2/1 3.6394095 -3.6394095 2.7537656
Mconv5_stage3_L2_2 2.7537656 -0.6508048 2.7537656
Mconv5_stage3_L2_concat 4.3063588 -1.4599142 6.5613074
Mconv6_stage3_L2/1 2.6027331 -3.4686165 2.1913598
Mconv6_stage3_L2 1.7120333 -0.7728851 2.1913598
Mconv7_stage3_L2 0.8916357 -0.5279976 0.8916357
concat_stage0_L1 12.3014773 -12.6515827 16.2658253
Mconv1_stage0_L1_0/1 12.3536030 -8.5661144 15.3804855
Mconv1_stage0_L1_0 11.3437655 -2.3166366 15.3804855
Mconv1_stage0_L1_1/1 5.7745427 -8.0315876 6.1831422
Mconv1_stage0_L1_1 5.3716614 -1.2444940 6.1831422
Mconv1_stage0_L1_2/1 3.6094489 -4.3750248 3.6632054
Mconv1_stage0_L1_2 3.6632054 -0.6078224 3.6632054
Mconv1_stage0_L1_concat 11.0548648 -2.3166366 15.3804855
Mconv2_stage0_L1_0/1 8.9048386 -8.9048386 8.3186283
Mconv2_stage0_L1_0 7.0714436 -2.1440370 8.3186283
Mconv2_stage0_L1_1/1 4.9334740 -5.9571280 5.0930228
Mconv2_stage0_L1_1 4.8542951 -1.2935394 5.0930228
Mconv2_stage0_L1_2/1 3.7570506 -3.3113341 3.9418173
Mconv2_stage0_L1_2 3.9418173 -1.3371987 3.9418173
Mconv2_stage0_L1_concat 6.7589363 -2.1440370 8.3186283
Mconv3_stage0_L1_0/1 9.3241205 -7.6256690 9.3241205
Mconv3_stage0_L1_0 8.6832296 -1.9449292 9.3241205
Mconv3_stage0_L1_1/1 5.1436669 -8.2290630 4.4166622
Mconv3_stage0_L1_1 3.5885650 -1.1157643 4.4166622
Mconv3_stage0_L1_2/1 2.7462742 -2.6616578 2.8813322
Mconv3_stage0_L1_2 2.8813322 -1.6794547 2.8813322
Mconv3_stage0_L1_concat 7.5759048 -1.9449292 9.3241205
Mconv4_stage0_L1_0/1 9.6290483 -9.6290483 4.4755082
Mconv4_stage0_L1_0 3.9162336 -2.1994603 4.4755082
Mconv4_stage0_L1_1/1 2.7362279 -3.4198673 2.8612649
Mconv4_stage0_L1_1 2.6109217 -0.9205483 2.8612649
Mconv4_stage0_L1_2/1 1.9523350 -2.5190229 1.9486456
Mconv4_stage0_L1_2 1.9486456 -0.7451767 1.9486456
Mconv4_stage0_L1_concat 3.8881387 -2.1994603 4.4755082
Mconv5_stage0_L1_0/1 3.0557725 -4.8868484 2.2813232
Mconv5_stage0_L1_0 1.6540986 -0.6571605 2.2813232
Mconv5_stage0_L1_1/1 1.5305068 -1.6317434 1.4002893
Mconv5_stage0_L1_1 1.3477870 -0.2142368 1.4002893
Mconv5_stage0_L1_2/1 1.6546471 -1.5900099 1.7887368
Mconv5_stage0_L1_2 1.7887368 -0.1148848 1.7887368
Mconv5_stage0_L1_concat 1.6825177 -0.6571605 2.2813232
Mconv6_stage0_L1/1 1.0646761 -1.3734510 1.2789422
Mconv6_stage0_L1 1.1590453 -0.0787249 1.2789422
Mconv7_stage0_L1 1.0153759 -0.3292889 1.0153759
concat_stage1_L1 12.7079243 -12.6515827 16.2658253
Mconv1_stage1_L1_0/1 9.1638012 -9.1638012 4.5842147
Mconv1_stage1_L1_0 3.8681411 -1.3477927 4.5842147
Mconv1_stage1_L1_1/1 2.5882166 -2.9162402 2.8532627
Mconv1_stage1_L1_1 2.3182934 -0.4005336 2.8532627
Mconv1_stage1_L1_2/1 3.1440248 -1.4956169 3.1440248
Mconv1_stage1_L1_2 3.1440248 -0.5782876 3.1440248
Mconv1_stage1_L1_concat 3.9395805 -1.3477927 4.5842147
Mconv2_stage1_L1_0/1 4.2648126 -4.8738675 4.5624385
Mconv2_stage1_L1_0 4.3913749 -0.8913332 4.5624385
Mconv2_stage1_L1_1/1 1.5687425 -3.3240681 1.5488178
Mconv2_stage1_L1_1 1.4762193 -0.1820774 1.5488178
Mconv2_stage1_L1_2/1 1.2508729 -1.4398385 1.2445601
Mconv2_stage1_L1_2 1.2445601 -0.4866494 1.2445601
Mconv2_stage1_L1_concat 4.1347238 -0.8913332 4.5624385
Mconv3_stage1_L1_0/1 2.7818204 -3.8697834 3.0035262
Mconv3_stage1_L1_0 2.3278429 -0.8949021 3.0035262
Mconv3_stage1_L1_1/1 2.8883681 -2.9911666 2.8932409
Mconv3_stage1_L1_1 2.7576246 -0.1974064 2.8932409
Mconv3_stage1_L1_2/1 2.4461751 -0.7239874 2.4461751
Mconv3_stage1_L1_2 2.4461751 -0.4493368 2.4461751
Mconv3_stage1_L1_concat 2.5811691 -0.8949021 3.0035262
Mconv4_stage1_L1_0/1 2.9768401 -2.3508289 3.3190401
Mconv4_stage1_L1_0 2.9145777 -0.4535840 3.3190401
Mconv4_stage1_L1_1/1 2.4029765 -2.5293839 2.4994760
Mconv4_stage1_L1_1 1.7965213 -0.3608262 2.4994760
Mconv4_stage1_L1_2/1 1.7882809 -2.1675811 1.5113821
Mconv4_stage1_L1_2 1.5113821 -0.3426403 1.5113821
Mconv4_stage1_L1_concat 2.8523153 -0.4535840 3.3190401
Mconv5_stage1_L1_0/1 3.0125248 -2.9491627 3.2567406
Mconv5_stage1_L1_0 2.7987764 -0.4472181 3.2567406
Mconv5_stage1_L1_1/1 1.5098088 -1.6552346 1.6654068
Mconv5_stage1_L1_1 1.5196939 -0.1595803 1.6654068
Mconv5_stage1_L1_2/1 1.7820707 -0.8487312 1.9664162
Mconv5_stage1_L1_2 1.9664162 -0.0742045 1.9664162
Mconv5_stage1_L1_concat 2.7987764 -0.4472181 3.2567406
Mconv6_stage1_L1/1 1.1841877 -0.8042016 1.2547400
Mconv6_stage1_L1 1.1371120 -0.0689707 1.2547400
Mconv7_stage1_L1 1.0088761 -0.0381869 1.0088761
net_output 0.1261711 -0.5279976 1.0088761
