# genetated time: 2022-12-26 10:46:25.276943
# histogram number: 2048
# sample number: 100
# tune number: 5
###
# op_name    threshold    min    max
inputs 1.0000080 0.0000000 1.0000080
batch_norm_0.tmp_3_Relu 2.2263319 0.0000000 2.2907343
batch_norm_1.tmp_3_Relu 3.0434096 0.0000000 3.0434096
batch_norm_2.tmp_3_Relu 1.7226792 0.0000000 2.5632014
p2o.MaxPool.1_MaxPool 2.4511318 0.0000000 2.5632014
batch_norm_3.tmp_3_Relu 1.3481475 0.0000000 1.3915879
batch_norm_4.tmp_3_Relu 1.4097829 0.0000000 1.4937372
conv2d_60.tmp_0_Conv 1.1789203 -1.7845122 2.1426351
conv2d_61.tmp_0_Conv 1.2071029 -2.1938558 1.7481582
relu_0.tmp_0_Relu 1.6094124 0.0000000 2.5364494
batch_norm_7.tmp_3_Relu 0.9201490 0.0000000 1.2472982
batch_norm_8.tmp_3_Relu 0.9754423 0.0000000 1.5599456
conv2d_64.tmp_0_Conv 1.2580635 -1.3930361 1.7349385
relu_1.tmp_0_Relu 1.8205021 0.0000000 3.0021493
batch_norm_10.tmp_3_Relu 0.8491678 0.0000000 1.5088946
batch_norm_11.tmp_3_Relu 1.0860497 0.0000000 1.7368309
conv2d_67.tmp_0_Conv 1.4480378 -2.0795932 2.7908232
relu_2.tmp_0_Relu 1.9724407 0.0000000 3.0337262
batch_norm_13.tmp_3_Relu 0.9886813 0.0000000 1.7567974
batch_norm_14.tmp_3_Relu 1.3825541 0.0000000 2.7637579
conv2d_70.tmp_0_Conv 3.5686321 -2.3759861 5.1667361
p2o.AveragePool.1_AveragePool 1.0741895 0.0000000 1.4621577
conv2d_71.tmp_0_Conv 2.1404896 -2.1404896 2.0408776
relu_3.tmp_0_Relu 3.7708790 0.0000000 5.4591670
batch_norm_17.tmp_3_Relu 1.3602351 0.0000000 1.9002910
batch_norm_18.tmp_3_Relu 1.9035181 0.0000000 2.7674017
conv2d_74.tmp_0_Conv 2.2410410 -2.6957812 2.4131737
relu_4.tmp_0_Relu 3.8780816 0.0000000 4.8282900
batch_norm_20.tmp_3_Relu 3.3973812 0.0000000 4.7262492
batch_norm_21.tmp_3_Relu 3.3617275 0.0000000 4.4440932
conv2d_77.tmp_0_Conv 2.3396854 -5.7567592 4.5325994
relu_5.tmp_0_Relu 4.7107887 0.0000000 6.5531664
batch_norm_23.tmp_3_Relu 2.3789795 0.0000000 3.4282091
batch_norm_24.tmp_3_Relu 3.0089095 0.0000000 3.4370744
conv2d_80.tmp_0_Conv 3.2257919 -3.2257919 2.7729068
relu_6.tmp_0_Relu 6.8086171 0.0000000 8.3792696
batch_norm_26.tmp_3_Relu 5.0809643 0.0000000 6.8890438
batch_norm_27.tmp_3_Relu 7.2592694 0.0000000 12.3547907
conv2d_83.tmp_0_Conv 4.2616154 -4.2665119 14.2030716
p2o.AveragePool.3_AveragePool 2.8285986 0.0000000 7.2399392
conv2d_84.tmp_0_Conv 4.2449883 -6.4062896 5.7696548
relu_7.tmp_0_Relu 8.7426634 0.0000000 14.8794279
batch_norm_30.tmp_3_Relu 3.8290308 0.0000000 6.3133516
batch_norm_31.tmp_3_Relu 3.8147010 0.0000000 6.5965729
conv2d_87.tmp_0_Conv 4.2185420 -9.7806721 3.9953070
relu_8.tmp_0_Relu 7.0139378 0.0000000 12.4685459
batch_norm_33.tmp_3_Relu 4.8745909 0.0000000 9.5099239
batch_norm_34.tmp_3_Relu 5.2691500 0.0000000 11.1650019
conv2d_90.tmp_0_Conv 4.0068387 -5.4914117 13.4956789
relu_9.tmp_0_Relu 7.6278854 0.0000000 14.7034054
batch_norm_36.tmp_3_Relu 4.6214804 0.0000000 10.7148829
batch_norm_37.tmp_3_Relu 3.8833286 0.0000000 7.8619061
conv2d_93.tmp_0_Conv 4.3404099 -17.3599434 3.7507739
relu_10.tmp_0_Relu 7.8388711 0.0000000 16.1829147
batch_norm_39.tmp_3_Relu 3.1929524 0.0000000 4.2551913
batch_norm_40.tmp_3_Relu 2.8015840 0.0000000 7.3457699
conv2d_96.tmp_0_Conv 5.2037177 -7.0554795 3.1292567
relu_11.tmp_0_Relu 7.5683142 0.0000000 15.6243649
batch_norm_42.tmp_3_Relu 3.3800309 0.0000000 6.7567611
batch_norm_43.tmp_3_Relu 3.1068886 0.0000000 7.7653246
conv2d_99.tmp_0_Conv 5.8569838 -6.8214526 8.1840649
relu_12.tmp_0_Relu 7.2311371 0.0000000 12.8546572
batch_norm_45.tmp_3_Relu 1.8571568 0.0000000 2.9699998
batch_norm_46.tmp_3_Relu 1.7602924 0.0000000 10.4277773
conv2d_102.tmp_0_Conv 2.3693452 -5.1398902 21.6568413
p2o.AveragePool.5_AveragePool 2.7227033 0.0000000 5.7692394
conv2d_103.tmp_0_Conv 2.5755317 -2.8866942 5.1485481
relu_13.tmp_0_Relu 1.4346631 0.0000000 22.9434013
batch_norm_49.tmp_3_Relu 1.6114858 0.0000000 25.7711830
batch_norm_50.tmp_3_Relu 1.7251272 0.0000000 5.5177116
conv2d_106.tmp_0_Conv 2.0668840 -9.7756548 11.0179996
relu_14.tmp_0_Relu 2.7693871 0.0000000 25.3133984
batch_norm_52.tmp_3_Relu 0.7814270 0.0000000 12.4967270
batch_norm_53.tmp_3_Relu 1.5606043 0.0000000 4.1595798
conv2d_109.tmp_0_Conv 11.3583244 -9.3196659 53.4371185
relu_15.tmp_0_Relu 14.6367507 0.0000000 57.1074600
p2o.GlobalAveragePool.1_GlobalAveragePool 5.9958272 0.0000000 11.9857988
reshape2_0.tmp_0_Reshape 5.9958272 0.0000000 11.9857988
p2o.Add.33_Gemm 14.3315649 -3.1900351 14.3315649
save_infer_model/scale_0.tmp_1_Softmax 0.0624807 0.0000001 0.9992030
