# genetated time: 2023-02-20 16:24:45.441439
# histogram number: 2048
# sample number: 1
# tune number: 5
###
# op_name    threshold    min    max
x 0.9996000 -0.9917600 0.9996000
p2o.Clip.1_Clip 5.2525649 0.0000000 6.0000000
p2o.Clip.3_Clip 3.6574674 0.0000000 5.3173547
p2o.Clip.5_Clip 6.0000000 0.0000000 6.0000000
conv2d_86.tmp_0_Conv 12.1304054 -19.3991718 9.7874966
p2o.Clip.7_Clip 6.0000000 0.0000000 6.0000000
p2o.Clip.9_Clip 4.3508061 0.0000000 6.0000000
conv2d_88.tmp_0_Conv 7.1474042 -6.8949900 7.1474042
p2o.Clip.11_Clip 3.3193786 0.0000000 3.5389419
p2o.Clip.13_Clip 2.6945699 0.0000000 4.0655890
conv2d_90.tmp_0_Conv 10.3685894 -8.2121792 10.3685894
p2o.Add.1_Add 9.7789536 -9.0800419 9.7789536
p2o.Clip.15_Clip 2.8664410 0.0000000 4.1673331
p2o.Clip.17_Clip 2.7806704 0.0000000 4.2768292
conv2d_92.tmp_0_Conv 4.8552995 -3.6251349 4.8552995
p2o.Clip.19_Clip 1.5401312 0.0000000 1.5401312
p2o.Clip.21_Clip 1.3538628 0.0000000 1.9509730
conv2d_94.tmp_0_Conv 3.2503824 -2.9621279 3.2503824
p2o.Add.3_Add 4.7803864 -4.5240884 4.7803864
p2o.Clip.23_Clip 1.6556755 0.0000000 1.6556755
p2o.Clip.25_Clip 1.2346222 0.0000000 1.7170132
conv2d_96.tmp_0_Conv 3.3962469 -3.0804448 3.3962469
p2o.Add.5_Add 5.2489653 -4.9001069 5.2489653
p2o.Clip.27_Clip 1.9446284 0.0000000 1.9446284
p2o.Clip.29_Clip 1.5209783 0.0000000 1.6215848
conv2d_98.tmp_0_Conv 2.6609626 -2.6609626 2.6517789
p2o.Clip.31_Clip 1.0865834 0.0000000 1.0865834
p2o.Clip.33_Clip 1.7546273 0.0000000 2.1261599
conv2d_100.tmp_0_Conv 3.7632833 -3.7632833 2.9869101
p2o.Add.7_Add 3.9574416 -3.9574416 3.7368565
p2o.Clip.35_Clip 0.8860813 0.0000000 0.8860813
p2o.Clip.37_Clip 1.0373205 0.0000000 1.2291722
conv2d_102.tmp_0_Conv 2.1509681 -1.4203552 2.1509681
p2o.Add.9_Add 3.1646985 -3.0561764 3.5394826
p2o.Clip.39_Clip 1.2047445 0.0000000 1.2047445
p2o.Clip.41_Clip 1.1311746 0.0000000 1.3709786
conv2d_104.tmp_0_Conv 2.3258576 -2.3128481 2.3258576
p2o.Add.11_Add 3.5548911 -3.0239780 3.5548911
p2o.Clip.43_Clip 1.2410331 0.0000000 1.2410331
p2o.Clip.45_Clip 1.3624386 0.0000000 1.8468392
conv2d_106.tmp_0_Conv 2.4911740 -2.4911740 2.2614813
p2o.Clip.47_Clip 0.8497620 0.0000000 0.8497620
p2o.Clip.49_Clip 1.3682243 0.0000000 1.5920166
conv2d_108.tmp_0_Conv 1.4454991 -1.4454991 1.1453278
p2o.Add.13_Add 2.4980514 -2.4980514 2.3296270
p2o.Clip.51_Clip 0.8290859 0.0000000 1.0199151
p2o.Clip.53_Clip 1.4100082 0.0000000 2.0141568
conv2d_110.tmp_0_Conv 1.4881448 -1.4683939 1.4881448
p2o.Add.15_Add 2.7828455 -2.7828455 2.6434014
p2o.Clip.55_Clip 0.8357882 0.0000000 0.8357882
p2o.Clip.57_Clip 1.5559249 0.0000000 1.8439591
conv2d_112.tmp_0_Conv 1.7161320 -1.4060669 1.7161320
p2o.Clip.59_Clip 0.8475543 0.0000000 0.8475543
p2o.Clip.61_Clip 0.9314635 0.0000000 0.9930759
conv2d_114.tmp_0_Conv 1.2577078 -0.9743797 1.2577078
p2o.Add.17_Add 1.8922949 -1.5406913 1.8922949
p2o.Clip.63_Clip 0.7686162 0.0000000 0.7686162
p2o.Clip.65_Clip 0.8442987 0.0000000 0.9931499
conv2d_116.tmp_0_Conv 1.0812649 -1.0161502 1.0812649
p2o.Add.19_Add 2.4930396 -1.8134584 2.4930396
p2o.Clip.67_Clip 0.8192579 0.0000000 0.8192579
p2o.Clip.69_Clip 0.8617859 0.0000000 0.9989387
conv2d_118.tmp_0_Conv 1.0219545 -1.0219545 0.9228262
p2o.GlobalAveragePool.1_GlobalAveragePool 0.2674001 -0.2674001 0.2121391
relu_0.tmp_0_Relu 0.5388301 0.0000000 0.5388301
bilinear_interp_v2_0.tmp_0_Resize 0.5388301 0.0000000 0.5388301
p2o.AveragePool.1_AveragePool 0.4222467 -0.4222467 0.3447593
relu_1.tmp_0_Relu 0.6559699 0.0000000 0.6559699
bilinear_interp_v2_1.tmp_0_Resize 0.6559699 0.0000000 0.6559699
p2o.Add.25_Add 0.7771912 0.0000000 0.7771912
p2o.AveragePool.3_AveragePool 0.5455760 -0.5296563 0.5455760
relu_2.tmp_0_Relu 0.6850489 0.0000000 0.6850489
bilinear_interp_v2_2.tmp_0_Resize 0.6785899 0.0000000 0.6785899
p2o.Add.29_Add 1.0577211 0.0000000 1.0577211
depthwise_conv2d_17.tmp_0_Conv 1.6032121 -1.6032121 1.3909662
relu_3.tmp_0_Relu 0.6398521 0.0000000 0.6398521
depthwise_conv2d_18.tmp_0_Conv 0.6593067 -0.6593067 0.6129875
relu_4.tmp_0_Relu 0.6457494 0.0000000 0.6457494
p2o.Add.35_Add 1.0095315 0.0000000 1.0095315
depthwise_conv2d_19.tmp_0_Conv 1.0116199 -0.8477167 1.0442166
relu_5.tmp_0_Relu 0.6184930 0.0000000 0.6184930
depthwise_conv2d_20.tmp_0_Conv 0.7872788 -0.6688862 0.7872788
relu_6.tmp_0_Relu 0.5652483 0.0000000 0.5652483
bilinear_interp_v2_4.tmp_0_Resize 0.5866251 0.0000000 0.5866251
p2o.Add.41_Add 0.7129425 0.0000000 0.7129425
depthwise_conv2d_21.tmp_0_Conv 1.0029969 -0.9975486 1.2060945
relu_7.tmp_0_Relu 0.5706948 0.0000000 0.5706948
depthwise_conv2d_22.tmp_0_Conv 1.0766944 -1.0766944 0.9192209
relu_8.tmp_0_Relu 0.5558115 0.0000000 0.7407202
bilinear_interp_v2_5.tmp_0_Resize 0.4932120 0.0000000 0.4932120
p2o.Add.47_Add 0.7462142 0.0000000 0.9179690
depthwise_conv2d_23.tmp_0_Conv 0.8685182 -0.8867817 1.2403076
relu_9.tmp_0_Relu 0.5631024 0.0000000 0.5631024
depthwise_conv2d_24.tmp_0_Conv 0.8289644 -0.7752533 1.0007905
relu_10.tmp_0_Relu 4.4043393 0.0000000 4.4043393
conv2d_130.tmp_0_Conv 7.1026459 -4.8858347 7.1026459
bilinear_interp_v2_6.tmp_0_Resize 7.0384541 -4.8369870 7.0384541
