# genetated time: 2023-01-09 16:19:25.348698
# histogram number: 2048
# sample number: 100
# tune number: 5
###
# op_name    threshold    min    max
x 1.0000080 0.0000000 1.0000080
conv2d_53.tmp_0_Conv 6.7730222 -4.3115697 6.7730222
hardswish_0.tmp_0_HardSwish 6.1382375 -0.3750000 6.7730222
relu_0.tmp_0_Relu 5.1587057 0.0000000 5.3947077
relu_1.tmp_0_Relu 5.9786538 -0.0000000 6.1914372
p2o.GlobalAveragePool.1_GlobalAveragePool 1.2783600 0.0069545 1.2783600
relu_2.tmp_0_Relu 1.8180356 0.0000000 1.8180356
conv2d_56.tmp_0_Conv 1.5838668 -1.5838668 -0.7394541
hardsigmoid_0.tmp_0_HardSigmoid 0.3521092 0.1832266 0.3521092
p2o.Mul.3_Mul 1.6468369 -0.0000000 1.6999446
conv2d_57.tmp_0_Conv 6.7738132 -6.2963791 6.7738132
relu_3.tmp_0_Relu 12.7777928 0.0000000 14.0029669
relu_4.tmp_0_Relu 10.6274214 -0.0000000 10.6274214
conv2d_59.tmp_0_Conv 4.4933126 -4.8574429 4.6943588
relu_5.tmp_0_Relu 5.5564714 0.0000000 5.7356582
relu_6.tmp_0_Relu 5.4427248 -0.0000000 6.9661160
conv2d_61.tmp_0_Conv 4.9575885 -5.0683899 4.9784412
p2o.Add.7_Add 7.9610952 -8.3798847 5.9440956
conv2d_62.tmp_0_Conv 10.5109694 -7.6105180 12.0120335
hardswish_1.tmp_0_HardSwish 11.5992115 -0.3750000 12.0120335
depthwise_conv2d_3.tmp_0_Conv 7.0422486 -6.1597590 7.6909237
hardswish_2.tmp_0_HardSwish 7.1145741 -0.3750000 7.6909237
p2o.GlobalAveragePool.3_GlobalAveragePool 1.2154486 -0.2954983 1.2154486
relu_7.tmp_0_Relu 1.3347181 0.0000000 1.3347181
conv2d_64.tmp_0_Conv 1.9012930 -1.1257154 1.9012930
hardsigmoid_1.tmp_0_HardSigmoid 0.8802586 0.2748569 0.8802586
p2o.Mul.9_Mul 4.1955384 -0.3290614 4.2893081
conv2d_65.tmp_0_Conv 7.3178477 -7.7536345 6.9980106
conv2d_66.tmp_0_Conv 10.5111021 -9.7641201 12.9335337
hardswish_3.tmp_0_HardSwish 12.6912274 -0.3750000 12.9335337
depthwise_conv2d_4.tmp_0_Conv 8.4998578 -12.6470718 12.2636166
hardswish_4.tmp_0_HardSwish 11.6507353 -0.3750000 12.2636166
p2o.GlobalAveragePool.5_GlobalAveragePool 1.2993624 -0.2853118 1.2993624
relu_8.tmp_0_Relu 1.6071768 0.0000000 1.6071768
conv2d_68.tmp_0_Conv 2.9304073 -2.9304073 2.4334493
hardsigmoid_2.tmp_0_HardSigmoid 0.9866899 0.0000000 0.9866899
p2o.Mul.15_Mul 4.9107176 -0.3694945 5.0044751
conv2d_69.tmp_0_Conv 8.3134174 -8.3134174 6.5520706
p2o.Add.25_Add 8.7376175 -9.0768347 9.0414543
conv2d_70.tmp_0_Conv 7.7591681 -12.4086075 9.8774462
hardswish_5.tmp_0_HardSwish 9.8774462 -0.3750000 9.8774462
depthwise_conv2d_5.tmp_0_Conv 9.4496861 -10.3543653 9.8706894
hardswish_6.tmp_0_HardSwish 9.8706894 -0.3750000 9.8706894
p2o.GlobalAveragePool.7_GlobalAveragePool 0.7756830 -0.2650723 0.7756830
relu_9.tmp_0_Relu 1.4039303 0.0000000 1.4039303
conv2d_72.tmp_0_Conv 2.9298952 -2.9298952 2.0471768
hardsigmoid_3.tmp_0_HardSigmoid 0.9094354 0.0000000 0.9094354
p2o.Mul.21_Mul 5.4950047 -0.3410355 5.4950047
conv2d_73.tmp_0_Conv 7.8485794 -6.1950617 7.9980297
p2o.Add.35_Add 11.9604578 -10.0232744 11.9604578
conv2d_74.tmp_0_Conv 6.5969839 -6.5969839 6.3224940
hardswish_7.tmp_0_HardSwish 6.1255916 -0.3750000 6.3224940
depthwise_conv2d_6.tmp_0_Conv 10.2023182 -23.3081970 9.6279860
hardswish_8.tmp_0_HardSwish 8.9965463 -0.3750000 9.6279860
p2o.GlobalAveragePool.9_GlobalAveragePool 0.8364587 -0.1920937 0.8364587
relu_10.tmp_0_Relu 1.0956746 0.0000000 1.0956746
conv2d_76.tmp_0_Conv 1.4231941 -1.4231941 1.2507832
hardsigmoid_4.tmp_0_HardSigmoid 0.7501566 0.2153612 0.7501566
p2o.Mul.27_Mul 4.0525415 -0.2810932 4.1831236
conv2d_77.tmp_0_Conv 5.9612250 -5.9612250 5.6646504
p2o.Add.45_Add 14.6013823 -11.8757849 14.6013823
conv2d_78.tmp_0_Conv 7.4424355 -7.5474072 10.7248611
hardswish_9.tmp_0_HardSwish 6.0356817 -0.3750000 10.7248611
depthwise_conv2d_7.tmp_0_Conv 11.0431681 -10.6846085 11.0431681
hardswish_10.tmp_0_HardSwish 10.8362773 -0.3750000 11.0431681
p2o.GlobalAveragePool.11_GlobalAveragePool 0.7012286 -0.2537433 0.7012286
relu_11.tmp_0_Relu 1.1981663 0.0000000 1.1981663
conv2d_80.tmp_0_Conv 1.9709754 -1.8916690 1.9709754
hardsigmoid_5.tmp_0_HardSigmoid 0.8941951 0.1216662 0.8941951
p2o.Mul.33_Mul 5.9976024 -0.3353072 6.1513100
conv2d_81.tmp_0_Conv 9.4608307 -9.4608307 7.7152958
p2o.Add.55_Add 17.8996048 -16.4002171 17.8996048
conv2d_82.tmp_0_Conv 7.3093972 -8.5883389 10.6266584
hardswish_11.tmp_0_HardSwish 10.6266584 -0.3750000 10.6266584
depthwise_conv2d_8.tmp_0_Conv 8.0586035 -8.4294024 11.5082750
hardswish_12.tmp_0_HardSwish 11.2926705 -0.3750000 11.5082750
p2o.GlobalAveragePool.13_GlobalAveragePool 0.6075178 -0.3112679 0.6075178
relu_12.tmp_0_Relu 1.1608502 0.0000000 1.1608502
conv2d_84.tmp_0_Conv 2.7551963 -1.9222950 2.7551963
hardsigmoid_6.tmp_0_HardSigmoid 1.0000000 0.1155410 1.0000000
p2o.Mul.39_Mul 5.1389415 -0.3718035 6.0674338
conv2d_85.tmp_0_Conv 5.5174937 -5.6338124 6.3043871
conv2d_86.tmp_0_Conv 9.4855747 -11.5104179 15.1695089
hardswish_13.tmp_0_HardSwish 14.3180304 -0.3750000 15.1695089
depthwise_conv2d_9.tmp_0_Conv 12.0614829 -11.6909714 15.1318331
hardswish_14.tmp_0_HardSwish 14.7071511 -0.3750000 15.1318331
p2o.GlobalAveragePool.15_GlobalAveragePool 0.5992124 -0.3544160 0.5992124
relu_13.tmp_0_Relu 1.9819981 0.0000000 1.9819981
conv2d_88.tmp_0_Conv 5.6840849 -5.6840849 4.3770576
hardsigmoid_7.tmp_0_HardSigmoid 1.0000000 0.0000000 1.0000000
p2o.Mul.45_Mul 6.5141484 -0.3750000 7.0420437
conv2d_89.tmp_0_Conv 5.4761057 -7.5243988 8.7574911
p2o.Add.73_Add 7.8998256 -7.8998256 7.7449799
conv2d_90.tmp_0_Conv 7.4174266 -11.8620882 11.1487370
hardswish_15.tmp_0_HardSwish 5.8202726 -0.3750000 11.1487370
depthwise_conv2d_10.tmp_0_Conv 9.9821582 -11.5721960 14.6471300
hardswish_16.tmp_0_HardSwish 14.6471300 -0.3750000 14.6471300
p2o.GlobalAveragePool.17_GlobalAveragePool 0.7817211 -0.3389627 0.7817211
relu_14.tmp_0_Relu 2.6484854 0.0000000 2.6484854
conv2d_92.tmp_0_Conv 6.6733150 -6.6733150 3.7503316
hardsigmoid_8.tmp_0_HardSigmoid 1.0000000 0.0000000 1.0000000
p2o.Mul.51_Mul 4.8456206 -0.3749999 8.8090458
conv2d_93.tmp_0_Conv 8.1219635 -8.1219635 7.3071861
p2o.Add.83_Add 12.3479795 -12.6622152 10.2556133
conv2d_94.tmp_0_Conv 4.0095892 -5.4198246 5.8292823
hardswish_17.tmp_0_HardSwish 2.7154431 -0.3750000 5.8292823
p2o.MaxPool.1_MaxPool 2.5515568 -0.3749647 5.8292823
p2o.GlobalAveragePool.19_GlobalAveragePool 0.3739102 -0.3231565 0.3739102
reshape2_0.tmp_0_Reshape 0.3739102 -0.3231565 0.3739102
p2o.Add.87_Gemm 2.0151632 -1.9206849 2.0151632
softmax_0.tmp_0_Softmax 0.9808450 0.0191550 0.9808450
