# genetated time: 2023-01-09 16:11:42.918642
# histogram number: 2048
# sample number: 100
# tune number: 5
###
# op_name    threshold    min    max
x 1.0000080 0.0000000 1.0000080
conv2d_211.tmp_0_Conv 4.8245516 0.1775970 4.8245516
hardswish_0.tmp_0_HardSwish 4.6739464 0.0940553 4.8245516
relu_0.tmp_0_Relu 10.8549352 0.0000000 11.2049885
relu_1.tmp_0_Relu 22.9769768 -0.0000000 23.8720322
conv2d_213.tmp_0_Conv 5.3826092 -3.4620125 5.8987103
p2o.Add.3_Add 8.6689854 -1.8610679 8.9485455
relu_2.tmp_0_Relu 17.7346287 0.0000000 17.7346287
relu_3.tmp_0_Relu 26.3351800 -0.0000000 27.2724628
conv2d_215.tmp_0_Conv 37.3037529 -37.3037529 13.1740675
relu_4.tmp_0_Relu 10.4655940 0.0000000 11.1630821
relu_5.tmp_0_Relu 35.4080711 -0.0000000 38.5390129
conv2d_217.tmp_0_Conv 55.0304088 -39.9361076 56.8050461
p2o.Add.5_Add 51.5523094 -42.3505173 53.5605011
relu_6.tmp_0_Relu 16.4642835 0.0000000 18.5509224
relu_7.tmp_0_Relu 17.3628998 -0.0000000 17.3628998
conv2d_219.tmp_0_Conv 23.4605426 -23.1202011 23.9848824
relu_8.tmp_0_Relu 7.2427506 0.0000000 7.2427506
relu_9.tmp_0_Relu 13.3413099 -0.0000000 14.3260040
conv2d_221.tmp_0_Conv 25.3556760 -26.8663330 23.3342113
p2o.Add.7_Add 30.5752369 -32.7212181 26.4608021
relu_10.tmp_0_Relu 7.8334212 0.0000000 7.8334212
relu_11.tmp_0_Relu 10.4694815 -0.0000000 10.4694815
conv2d_223.tmp_0_Conv 22.6839064 -31.1541367 36.2878685
p2o.Add.9_Add 27.4319254 -38.9263420 46.1918755
conv2d_224.tmp_0_Conv 8.1791895 -7.1519814 12.4616137
hardswish_1.tmp_0_HardSwish 11.4105646 -0.3750000 12.4616137
depthwise_conv2d_6.tmp_0_Conv 5.6165226 -9.7643394 8.9101906
hardswish_2.tmp_0_HardSwish 6.4610852 -0.3750000 8.9101906
conv2d_225.tmp_0_Conv 21.6310135 -20.4411030 23.7037926
conv2d_226.tmp_0_Conv 4.7446600 -6.2722845 5.5085111
hardswish_3.tmp_0_HardSwish 3.4445012 -0.3750000 5.5085111
depthwise_conv2d_7.tmp_0_Conv 6.5434887 -6.6684198 3.4654768
hardswish_4.tmp_0_HardSwish 3.3575509 -0.3750000 3.4654768
conv2d_227.tmp_0_Conv 14.1343836 -15.1881170 18.0905266
p2o.Add.19_Add 20.2433648 -21.1976223 22.3356247
conv2d_228.tmp_0_Conv 6.7119274 -5.7992473 6.7119274
hardswish_5.tmp_0_HardSwish 2.0985019 -0.3750000 6.7119274
depthwise_conv2d_8.tmp_0_Conv 10.9392042 -10.9392042 10.7051487
hardswish_6.tmp_0_HardSwish 9.0329595 -0.3750000 10.7051487
conv2d_229.tmp_0_Conv 15.7223356 -11.4904671 25.9231739
p2o.Add.25_Add 30.6729832 -26.7385578 31.8670235
conv2d_230.tmp_0_Conv 7.3262534 -7.4424162 5.1713533
hardswish_7.tmp_0_HardSwish 3.2336748 -0.3750000 5.1713533
depthwise_conv2d_9.tmp_0_Conv 9.1269054 -9.1269054 7.6056852
hardswish_8.tmp_0_HardSwish 7.6056852 -0.3750000 7.6056852
conv2d_231.tmp_0_Conv 18.3596795 -22.0851288 16.6861687
p2o.Add.31_Add 24.0452910 -30.7725601 29.2876740
conv2d_232.tmp_0_Conv 4.6668491 -7.4633126 7.3689809
hardswish_9.tmp_0_HardSwish 3.2255042 -0.3750000 7.3689809
depthwise_conv2d_10.tmp_0_Conv 6.2504239 -12.4947443 10.1479864
hardswish_10.tmp_0_HardSwish 9.0067717 -0.3750000 10.1479864
conv2d_233.tmp_0_Conv 12.8496858 -17.4770412 17.4906445
conv2d_234.tmp_0_Conv 5.4951806 -6.7599964 6.0443692
hardswish_11.tmp_0_HardSwish 1.5118304 -0.3750000 6.0443692
depthwise_conv2d_11.tmp_0_Conv 8.3190336 -18.4032764 26.6079102
hardswish_12.tmp_0_HardSwish 20.7878360 -0.3750000 26.6079102
conv2d_235.tmp_0_Conv 12.0399425 -29.6240921 17.5417938
p2o.Add.41_Add 13.5070227 -28.9957256 20.5937195
conv2d_236.tmp_0_Conv 5.4062495 -7.2048130 6.7947497
hardswish_13.tmp_0_HardSwish 6.5824760 -0.3750000 6.7947497
depthwise_conv2d_12.tmp_0_Conv 5.5877042 -8.9359617 8.8827229
hardswish_14.tmp_0_HardSwish 7.5509653 -0.3750000 8.8827229
conv2d_237.tmp_0_Conv 7.8921731 -10.7616549 13.4992924
conv2d_238.tmp_0_Conv 3.8245447 -6.5193887 6.7958708
hardswish_15.tmp_0_HardSwish 1.5508993 -0.3750000 6.7958708
depthwise_conv2d_13.tmp_0_Conv 4.8228719 -9.9507790 10.7145853
hardswish_16.tmp_0_HardSwish 4.1523598 -0.3750000 10.7145853
conv2d_239.tmp_0_Conv 8.1978111 -11.9182663 11.4772720
p2o.Add.51_Add 9.8846607 -14.4256687 15.8077335
conv2d_240.tmp_0_Conv 4.1086168 -7.3006411 5.8306522
hardswish_17.tmp_0_HardSwish 2.5521567 -0.3750000 5.8306522
depthwise_conv2d_14.tmp_0_Conv 4.6450534 -12.3807611 11.3241673
hardswish_18.tmp_0_HardSwish 3.9642883 -0.3750000 11.3241673
conv2d_241.tmp_0_Conv 8.6989227 -11.5691156 13.3784332
p2o.Add.57_Add 11.2009258 -14.6491880 25.5896149
conv2d_242.tmp_0_Conv 9.7342253 -14.1519594 11.1751375
hardswish_19.tmp_0_HardSwish 11.1751375 -0.3750000 11.1751375
conv2d_243.tmp_0_Conv 36.1242386 -35.2680626 36.9316101
p2o.GlobalAveragePool.1_GlobalAveragePool 6.8132443 -6.8132443 3.7907655
relu_12.tmp_0_Relu 12.8929462 0.0000000 12.8929462
conv2d_245.tmp_0_Conv 12.7782764 -12.7782764 7.3864861
hardsigmoid_0.tmp_0_HardSigmoid 1.0000000 0.0000000 1.0000000
p2o.Mul.41_Mul 15.4110201 -28.4458485 32.8659248
p2o.Add.65_Add 34.9158134 -56.8916969 69.7975311
conv2d_246.tmp_0_Conv 53.6887272 -64.0196991 66.8435516
p2o.GlobalAveragePool.3_GlobalAveragePool 5.9023395 -5.9023395 4.5671067
relu_13.tmp_0_Relu 9.8686867 0.0000000 9.8686867
conv2d_248.tmp_0_Conv 11.0668869 -9.4240141 11.0668869
hardsigmoid_1.tmp_0_HardSigmoid 1.0000000 0.0000000 1.0000000
p2o.Mul.43_Mul 23.1438866 -51.4169044 40.2725296
p2o.Add.71_Add 43.3098755 -115.4365997 84.1553650
conv2d_249.tmp_0_Conv 51.3281761 -52.5463486 53.8496666
p2o.GlobalAveragePool.5_GlobalAveragePool 8.2944746 -6.7920761 8.2944746
relu_14.tmp_0_Relu 18.8491211 0.0000000 18.8491211
conv2d_251.tmp_0_Conv 20.0611153 -20.0611153 14.7170782
hardsigmoid_2.tmp_0_HardSigmoid 1.0000000 0.0000000 1.0000000
p2o.Mul.45_Mul 36.1243267 -52.5374756 51.8982124
p2o.Add.77_Add 39.6748276 -105.0749512 105.7478790
conv2d_252.tmp_0_Conv 91.6245186 -97.0808716 77.0139389
p2o.GlobalAveragePool.7_GlobalAveragePool 6.2444210 -6.2444210 4.5208340
relu_15.tmp_0_Relu 14.8267193 0.0000000 14.8267193
conv2d_254.tmp_0_Conv 13.7898378 -13.7898378 10.9996862
hardsigmoid_3.tmp_0_HardSigmoid 1.0000000 0.0000000 1.0000000
p2o.Mul.47_Mul 44.4699866 -63.4215393 67.7533875
p2o.Add.83_Add 70.5888638 -134.2283325 142.9091187
nearest_interp_v2_0.tmp_0_Resize 34.9158134 -56.8916969 69.7975311
p2o.Add.85_Add 45.5728951 -121.4683762 107.3966141
nearest_interp_v2_1.tmp_0_Resize 45.5728951 -121.4683762 107.3966141
p2o.Add.87_Add 62.2473145 -124.4338379 105.6943512
nearest_interp_v2_2.tmp_0_Resize 68.4659668 -124.4338379 105.6943512
p2o.Add.89_Add 90.3458252 -160.5363770 144.4272003
conv2d_255.tmp_0_Conv 450.4668510 -300.7665710 463.4977722
p2o.GlobalAveragePool.9_GlobalAveragePool 75.0871429 -75.0871429 42.3943329
relu_16.tmp_0_Relu 53.8768387 0.0000000 53.8768387
conv2d_257.tmp_0_Conv 19.7627487 -19.2526455 19.7627487
hardsigmoid_4.tmp_0_HardSigmoid 1.0000000 0.0000000 1.0000000
p2o.Mul.49_Mul 247.1600800 -300.7665710 439.1811523
p2o.Add.95_Add 439.3956909 -601.5331421 878.3623047
conv2d_258.tmp_0_Conv 598.6497192 -598.6497192 440.7515259
p2o.GlobalAveragePool.11_GlobalAveragePool 53.7227364 -42.7627983 53.7227364
relu_17.tmp_0_Relu 61.1244354 0.0000000 61.1244354
conv2d_260.tmp_0_Conv 14.6030712 -14.6030712 13.3230047
hardsigmoid_5.tmp_0_HardSigmoid 1.0000000 0.0000000 1.0000000
p2o.Mul.51_Mul 215.4353790 -492.1832886 440.7515259
p2o.Add.101_Add 553.9766846 -984.3665771 881.5030518
conv2d_261.tmp_0_Conv 1033.4276123 -573.2678223 1033.4276123
p2o.GlobalAveragePool.13_GlobalAveragePool 53.4098015 -53.4098015 47.2703514
relu_18.tmp_0_Relu 49.4844093 0.0000000 49.4844093
conv2d_263.tmp_0_Conv 42.9384956 -42.1482201 42.9384956
hardsigmoid_6.tmp_0_HardSigmoid 1.0000000 0.0000000 1.0000000
p2o.Mul.53_Mul 290.2491760 -573.2678223 580.2149048
p2o.Add.107_Add 653.0606689 -1146.5356445 1160.4298096
conv2d_264.tmp_0_Conv 630.3656006 -630.3656006 552.9943848
p2o.GlobalAveragePool.15_GlobalAveragePool 69.3080826 -60.6702309 69.3080826
relu_19.tmp_0_Relu 51.2888031 0.0000000 51.2888031
conv2d_266.tmp_0_Conv 38.9502296 -38.9502296 27.3384800
hardsigmoid_7.tmp_0_HardSigmoid 1.0000000 0.0000000 1.0000000
p2o.Mul.55_Mul 284.5990601 -455.1361389 414.3487549
p2o.Add.113_Add 569.1981201 -910.2722778 853.0671387
nearest_interp_v2_3.tmp_0_Resize 439.3956909 -601.5331421 878.3623047
nearest_interp_v2_4.tmp_0_Resize 553.9766846 -984.3665771 881.5030518
nearest_interp_v2_5.tmp_0_Resize 653.0606689 -1146.5356445 1160.4298096
p2o.Concat.1_Concat 580.4983521 -1146.5356445 1160.4298096
batch_norm_47.tmp_4_Relu 1.5340508 0.0000000 2.4532828
p2o.ConvTranspose.1_ConvTranspose 1.1589216 -1.6181328 1.8533692
batch_norm_48.tmp_4_Relu 12.5882158 -0.0000000 20.1313114
p2o.ConvTranspose.3_ConvTranspose 96.7782669 -140.6996460 68.2193985
p2o.Add.117_Add 138.3747898 -140.5688171 68.3502274
sigmoid_0.tmp_0_Sigmoid 0.0625305 0.0000000 1.0000000
