# genetated time: 2023-01-09 16:35:27.864611
# histogram number: 2048
# sample number: 100
# tune number: 5
###
# op_name    threshold    min    max
x 1.0000080 0.0000000 1.0000080
conv2d_97.tmp_0_Conv 9.5010784 -4.9561343 9.8392267
p2o.Clip.1_Clip 6.0000000 0.0000000 6.0000000
p2o.Mul.1_Mul 59.0353622 -2.2500000 59.0353622
batch_norm_27.tmp_4_Div 9.5010784 -0.3750000 9.8392267
depthwise_conv2d_13.tmp_0_Conv 12.5386501 -13.0270863 12.8096323
p2o.Clip.3_Clip 6.0000000 0.0000000 6.0000000
p2o.Mul.3_Mul 76.8577957 -2.2500000 76.8577957
batch_norm_28.tmp_4_Div 12.8096323 -0.3750000 12.8096323
conv2d_98.tmp_0_Conv 55.0058377 -54.7427940 71.8436432
p2o.Clip.5_Clip 6.0000000 0.0000000 6.0000000
p2o.Mul.5_Mul 370.4457593 -2.2500000 431.0618591
batch_norm_29.tmp_4_Div 61.7409599 -0.3750000 71.8436432
depthwise_conv2d_14.tmp_0_Conv 37.6310404 -39.3525963 17.7531395
p2o.Clip.7_Clip 6.0000000 0.0000000 6.0000000
p2o.Mul.7_Mul 102.1919972 -2.2500000 106.5188370
batch_norm_30.tmp_4_Div 17.0319995 -0.3750000 17.7531395
conv2d_99.tmp_0_Conv 102.8715517 -93.6636429 113.5130539
p2o.Clip.9_Clip 6.0000000 0.0000000 6.0000000
p2o.Mul.9_Mul 329.9087422 -2.2500000 681.0783081
batch_norm_31.tmp_4_Div 102.8715517 -0.3750000 113.5130539
depthwise_conv2d_15.tmp_0_Conv 6.0869169 -87.5694046 97.3431168
p2o.Clip.11_Clip 6.0000000 0.0000000 6.0000000
p2o.Mul.11_Mul 365.0438308 -2.2500000 584.0587158
batch_norm_32.tmp_4_Div 97.3431168 -0.3750000 97.3431168
conv2d_100.tmp_0_Conv 75.5811310 -55.4070396 75.5811310
p2o.Clip.13_Clip 6.0000000 0.0000000 6.0000000
p2o.Mul.13_Mul 219.6652769 -2.2500000 453.4867859
batch_norm_33.tmp_4_Div 33.0681296 -0.3750000 75.5811310
depthwise_conv2d_16.tmp_0_Conv 29.9710623 -32.8447800 22.5440979
p2o.Clip.15_Clip 6.0000000 0.0000000 6.0000000
p2o.Mul.15_Mul 84.5486279 -2.2500000 135.2645874
batch_norm_34.tmp_4_Div 21.6988319 -0.3750000 22.5440979
conv2d_101.tmp_0_Conv 3.1443660 -12.1297827 50.2852898
p2o.Clip.17_Clip 6.0000000 0.0000000 6.0000000
p2o.Mul.17_Mul 132.0044098 -2.2500000 301.7117310
batch_norm_35.tmp_4_Div 50.2852898 -0.3750000 50.2852898
depthwise_conv2d_17.tmp_0_Conv 4.5676460 -36.5233269 15.3805914
p2o.Clip.19_Clip 6.0000000 0.0000000 6.0000000
p2o.Mul.19_Mul 54.2227823 -2.2500000 92.2835464
batch_norm_36.tmp_4_Div 14.2272349 -0.3750000 15.3805914
conv2d_102.tmp_0_Conv 3.5932960 -15.7454281 13.6073456
p2o.Clip.21_Clip 6.0000000 0.0000000 6.0000000
p2o.Mul.21_Mul 69.3994568 -2.2500000 81.6440735
batch_norm_37.tmp_4_Div 12.0767685 -0.3750000 13.6073456
depthwise_conv2d_18.tmp_0_Conv 12.8288729 -13.2425823 12.4750538
p2o.Clip.23_Clip 6.0000000 0.0000000 6.0000000
p2o.Mul.23_Mul 55.2053155 -2.2500000 74.8503265
batch_norm_38.tmp_4_Div 10.6041012 -0.3750000 12.4750547
conv2d_103.tmp_0_Conv 4.9355478 -10.5456867 19.7325516
p2o.Clip.25_Clip 6.0000000 0.0000000 6.0000000
p2o.Mul.25_Mul 118.3953094 -2.2500000 118.3953094
batch_norm_39.tmp_4_Div 16.7731508 -0.3750000 19.7325516
depthwise_conv2d_19.tmp_0_Conv 4.6038404 -36.8127403 17.9605808
p2o.Clip.27_Clip 6.0000000 0.0000000 6.0000000
p2o.Mul.27_Mul 83.5206520 -2.2500000 107.7634888
batch_norm_40.tmp_4_Div 15.2669324 -0.3750000 17.9605808
conv2d_104.tmp_0_Conv 6.0576668 -12.4683952 13.8393354
p2o.Clip.29_Clip 6.0000000 0.0000000 6.0000000
p2o.Mul.29_Mul 83.0360107 -2.2500000 83.0360107
batch_norm_41.tmp_4_Div 13.4502520 -0.3750000 13.8393354
depthwise_conv2d_20.tmp_0_Conv 6.7876430 -17.8541374 21.7098522
p2o.Clip.31_Clip 6.0000000 0.0000000 6.0000000
p2o.Mul.31_Mul 86.3038183 -2.2500000 130.2591095
batch_norm_42.tmp_4_Div 21.7098522 -0.3750000 21.7098522
conv2d_105.tmp_0_Conv 7.2165127 -13.2914801 19.2346382
p2o.Clip.33_Clip 6.0000000 0.0000000 6.0000000
p2o.Mul.33_Mul 91.9682570 -2.2500000 115.4078293
batch_norm_43.tmp_4_Div 14.5467236 -0.3750000 19.2346382
depthwise_conv2d_21.tmp_0_Conv 7.0497713 -14.9885492 28.1853161
p2o.Clip.35_Clip 6.0000000 0.0000000 6.0000000
p2o.Mul.35_Mul 93.0239326 -2.2500000 169.1118927
batch_norm_44.tmp_4_Div 21.8446527 -0.3750000 28.1853161
conv2d_106.tmp_0_Conv 7.0281477 -22.4790916 19.8969479
p2o.Clip.37_Clip 6.0000000 0.0000000 6.0000000
p2o.Mul.37_Mul 119.3816833 -2.2500000 119.3816833
batch_norm_45.tmp_4_Div 19.8969479 -0.3750000 19.8969479
depthwise_conv2d_22.tmp_0_Conv 9.4679832 -15.9931602 21.6305370
p2o.Clip.39_Clip 6.0000000 0.0000000 6.0000000
p2o.Mul.39_Mul 92.8992989 -2.2500000 129.7832184
batch_norm_46.tmp_4_Div 21.6305370 -0.3750000 21.6305370
conv2d_107.tmp_0_Conv 8.3270550 -13.3167820 10.4940548
p2o.Clip.41_Clip 6.0000000 0.0000000 6.0000000
p2o.Mul.41_Mul 54.3086560 -2.2500000 62.9643288
batch_norm_47.tmp_4_Div 6.5268716 -0.3750000 10.4940548
depthwise_conv2d_23.tmp_0_Conv 5.4204535 -13.4527645 21.6712265
p2o.Clip.43_Clip 6.0000000 0.0000000 6.0000000
p2o.Mul.43_Mul 76.3998077 -2.2500000 130.0273590
batch_norm_48.tmp_4_Div 20.8586878 -0.3750000 21.6712265
conv2d_108.tmp_0_Conv 8.1373482 -8.6646986 13.0133991
p2o.Clip.45_Clip 6.0000000 0.0000000 6.0000000
p2o.Mul.45_Mul 67.8330615 -2.2500000 78.0803986
batch_norm_49.tmp_4_Div 11.3055105 -0.3750000 13.0134001
depthwise_conv2d_24.tmp_0_Conv 6.6419721 -12.4787550 106.2196655
p2o.Clip.47_Clip 6.0000000 0.0000000 6.0000000
p2o.Mul.47_Mul 338.5849133 -2.2500000 637.3179932
batch_norm_50.tmp_4_Div 106.2196655 -0.3750000 106.2196655
p2o.GlobalAveragePool.1_GlobalAveragePool 1.8747923 -0.2778084 1.8747923
relu_2.tmp_0_Relu 10.0036287 0.0000000 10.0036287
conv2d_110.tmp_0_Conv 3.5443156 -3.5443156 3.1553202
hardsigmoid_2.tmp_0_HardSigmoid 1.0000000 0.0000000 1.0000000
p2o.Mul.49_Mul 5.0904535 -0.3316488 7.0207238
conv2d_111.tmp_0_Conv 7.4752264 -17.0778885 14.1238537
p2o.Clip.49_Clip 6.0000000 0.0000000 6.0000000
p2o.Mul.51_Mul 84.7431183 -2.2500000 84.7431183
batch_norm_51.tmp_4_Div 14.1238527 -0.3750000 14.1238527
depthwise_conv2d_25.tmp_0_Conv 17.8191967 -25.7779961 71.2419815
p2o.Clip.51_Clip 6.0000000 0.0000000 6.0000000
p2o.Mul.53_Mul 240.4547482 -2.2500000 427.4519043
batch_norm_52.tmp_4_Div 36.9591708 -0.3750000 71.2419815
p2o.GlobalAveragePool.3_GlobalAveragePool 3.7099786 -0.3529898 3.7099786
relu_3.tmp_0_Relu 11.3382874 0.0000000 11.3382874
conv2d_113.tmp_0_Conv 3.8945091 -3.8945091 3.5683868
hardsigmoid_3.tmp_0_HardSigmoid 1.0000000 0.0000000 1.0000000
p2o.Mul.55_Mul 7.3014770 -0.3749997 10.2024803
conv2d_114.tmp_0_Conv 26.6179848 -43.8214417 47.2977562
p2o.Clip.53_Clip 6.0000000 0.0000000 6.0000000
p2o.Mul.57_Mul 159.7079163 -2.2500000 283.7865295
batch_norm_53.tmp_4_Div 33.8559048 -0.3750000 47.2977562
p2o.AveragePool.1_AveragePool 21.8259409 -0.3749954 22.2426510
conv2d_115.tmp_0_Conv 6.3843374 -6.3843374 1.8778919
p2o.Mul.59_Mul 6.3843374 -6.3843374 1.8778919
p2o.Sigmoid.1_Sigmoid 0.8673688 0.0016849 0.8673688
swish_21.tmp_0_Mul 1.6288247 -0.2784646 1.6288247
conv2d_116.tmp_0_Conv 11.3225754 -12.7113895 7.8074923
p2o.Mul.62_Mul 12.7113895 -12.7113895 7.8074923
p2o.Sigmoid.3_Sigmoid 0.9995936 0.0000030 0.9995936
swish_22.tmp_0_Mul 6.9996772 -0.2784646 7.8043189
flatten_1.tmp_0_Reshape 6.9996772 -0.2784646 7.8043189
transpose_9.tmp_0_Transpose 6.7314633 -0.2784646 7.8043189
p2o.Add.65_LayerNormalization 6.4452677 -2.0479915 6.4452677
p2o.MatMul.1_MatMul 5.0834408 -6.7870588 7.3904853
p2o.Add.67_Add 5.6044603 -7.7244911 8.2235975
reshape2_5.tmp_0_Reshape 5.6044603 -7.7244911 8.2235975
transpose_10.tmp_0_Transpose 5.6044603 -7.7244911 8.2235975
p2o.helper.slice.2_Slice 5.6044603 -7.7244911 8.2235975
transpose_10.tmp_0_slice_0_Squeeze 5.6044603 -7.7244911 8.2235975
p2o.Mul.67_Mul 2.1233237 -1.9944550 2.1233237
p2o.helper.slice.3_Slice 5.9684360 -5.6739030 6.3233728
transpose_10.tmp_0_slice_1_Squeeze 5.9684360 -5.6739030 6.3233728
p2o.helper.slice.4_Slice 3.3782466 -3.5440209 2.9954779
transpose_10.tmp_0_slice_2_Squeeze 3.4777112 -3.5440209 2.9954779
transpose_11.tmp_0_Transpose 6.2642167 -5.6739030 6.3233728
p2o.MatMul.3_MatMul 16.7187843 -9.2041941 16.7187843
softmax_3.tmp_0_Softmax 0.9298890 0.0000000 0.9918622
p2o.MatMul.5_MatMul 1.7545459 -1.7993765 1.7952121
transpose_12.tmp_0_Transpose 1.7545459 -1.7993765 1.7952121
reshape2_6.tmp_0_Reshape 1.7769612 -1.7993765 1.7952121
p2o.MatMul.7_MatMul 1.3920308 -1.6743468 1.0861534
p2o.Add.69_Add 1.5761663 -1.5761663 1.1654403
p2o.Add.71_Add 6.9780518 -1.2500522 7.8611331
p2o.Add.75_LayerNormalization 9.1917601 -6.4402914 9.1917601
p2o.MatMul.9_MatMul 9.2466898 -9.2466898 4.5176115
p2o.Add.77_Add 9.3852825 -9.3852825 4.3590503
p2o.Mul.71_Mul 9.3852825 -9.3852825 4.3590503
p2o.Sigmoid.5_Sigmoid 0.9873710 0.0000839 0.9873710
swish_23.tmp_0_Mul 4.3039999 -0.2784646 4.3039999
p2o.MatMul.11_MatMul 4.7345661 -3.9791269 4.9504056
p2o.Add.79_Add 5.1213064 -4.0131350 5.1213064
p2o.Add.81_Add 9.4849453 -4.5497713 9.6657953
p2o.Add.85_LayerNormalization 5.4597931 -2.3890319 5.4597931
p2o.MatMul.13_MatMul 5.7246175 -6.1032772 4.7178307
p2o.Add.87_Add 5.9896807 -6.1032786 4.8897338
reshape2_7.tmp_0_Reshape 5.9896807 -6.1032786 4.8897338
transpose_13.tmp_0_Transpose 6.0275467 -6.1032786 4.8897338
p2o.helper.slice.7_Slice 4.8290601 -3.6719172 4.8897338
transpose_13.tmp_0_slice_0_Squeeze 4.8290601 -3.6719172 4.8897338
p2o.Mul.76_Mul 1.2625238 -0.9480850 1.2625238
p2o.helper.slice.8_Slice 6.0275467 -6.1032786 4.5486317
transpose_13.tmp_0_slice_1_Squeeze 6.0275467 -6.1032786 4.5486317
p2o.helper.slice.9_Slice 3.7684329 -3.9533541 3.5817366
transpose_13.tmp_0_slice_2_Squeeze 3.8424014 -3.9533541 3.5817366
transpose_14.tmp_0_Transpose 6.0654126 -6.1032786 4.5486317
p2o.MatMul.15_MatMul 8.9350820 -6.1417680 9.3740168
softmax_4.tmp_0_Softmax 0.8300356 0.0000005 0.8300356
p2o.MatMul.17_MatMul 2.8826132 -2.9376493 2.1289179
transpose_15.tmp_0_Transpose 2.8826132 -2.9376493 2.1289179
reshape2_8.tmp_0_Reshape 2.8826132 -2.9376493 2.1289179
p2o.MatMul.19_MatMul 3.6326083 -2.6922989 3.6898396
p2o.Add.89_Add 3.7793341 -2.7470317 3.7793341
p2o.Add.91_Add 9.9961691 -5.3013916 9.9961691
p2o.Add.95_LayerNormalization 9.2074156 -4.3058648 9.2074156
p2o.MatMul.21_MatMul 10.4112473 -10.4112473 7.6953468
p2o.Add.97_Add 10.5609303 -10.5609303 7.5880718
p2o.Mul.80_Mul 10.5609303 -10.5609303 7.5880718
p2o.Sigmoid.7_Sigmoid 0.9994938 0.0000259 0.9994938
swish_24.tmp_0_Mul 7.0155062 -0.2784646 7.5842309
p2o.MatMul.23_MatMul 4.7095466 -4.7095466 4.4613109
p2o.Add.99_Add 5.2115607 -5.1755495 5.2115607
p2o.Add.101_Add 13.1712990 -6.8114109 13.1712990
p2o.Add.105_LayerNormalization 2.0856292 -0.9655620 2.0856292
reshape2_9.tmp_0_Reshape 2.0856292 -0.9655620 2.0856292
transpose_16.tmp_0_Transpose 2.0856292 -0.9655620 2.0856292
conv2d_117.tmp_0_Conv 6.4506258 -9.2956219 5.4848666
p2o.Mul.85_Mul 5.2313418 -9.2956219 5.4848666
p2o.Sigmoid.9_Sigmoid 0.9958681 0.0000918 0.9958681
swish_25.tmp_0_Mul 5.4622035 -0.2784646 5.4622035
p2o.Concat.3_Concat 21.7563986 -0.3749954 22.2426510
conv2d_118.tmp_0_Conv 2.8763895 -2.9034095 0.5417420
p2o.Mul.88_Mul 2.9034095 -2.9034095 0.5417420
p2o.Sigmoid.11_Sigmoid 0.6322176 0.0519853 0.6322176
swish_26.tmp_0_Mul 0.3424988 -0.2784646 0.3424988
conv2d_119.tmp_0_Conv 10.0917358 -7.6854568 10.0917358
p2o.Mul.91_Mul 10.0917358 -7.6854568 10.0917358
p2o.Sigmoid.13_Sigmoid 0.9999586 0.0004592 0.9999586
swish_27.tmp_0_Mul 10.0600138 -0.2784645 10.0913181
squeeze_1.tmp_0_Squeeze 10.0600138 -0.2784645 10.0913181
transpose_17.tmp_0_Transpose 9.9974052 -0.2784645 10.0913181
p2o.MatMul.25_MatMul 19.1085091 -27.7806244 16.5871944
p2o.Add.107_Add 27.3321876 -27.7655582 18.0093536
softmax_5.tmp_0_Softmax 0.0625076 0.0000000 0.9996337
